0.519	0.707	0.116	0.341	0.106	0.087	0.409	0.081	0.546	0.674	0.69	0.727	0.403	0.428	0.238	0.874	0.265	0.595	0.786&0	1
0.307	0.504	0.648	0.18	0.751	0.866	0.682	0.192&0	1
0.822	0.823	0.824	0.825	0.826	0.827	0.828	0.829	0.83	0.831	0.832	0.833	0.834&1	0
0.814	0.435	0.154	0.037	0.968	0.997	0.003	0.402	0.492	0.168	0.868	0.706	0.222	0.017	0.27	0.472	0.121	0.602&0	1
0.625	0.323	0.551	0.607	0.26	0.378	0.936	0.75	0.084	0.479	0.935	0.802	0.424	0.53	0.758	0.966	0.714&0	1
0.467	0.348	0.309	0.106	0.486	0.744	0.807	0.043	0.156	0.532	0.325	0.506	0.25&0	1
0.644	0.388	0.254	0.827	0.931	0.363	0.324	0.201	0.261	0.948	0.561	0.211	0.064&0	1
0.415	0.416	0.417	0.418	0.419	0.42	0.421	0.422	0.423	0.424	0.425	0.426	0.427	0.428	0.429&1	0
0.226	0.227	0.228	0.229	0.23	0.231	0.232	0.233	0.234	0.235	0.236	0.237	0.238	0.239	0.24	0.241	0.242	0.243&1	0
0.17	0.402	0.812	0.37&0	1
0.258	0.259	0.26	0.261	0.262	0.263	0.264	0.265	0.266	0.267	0.268	0.269	0.27	0.271	0.272	0.273	0.274	0.275&1	0
0.563	0.633	0.204	0.738	0.998	0.951	0.909	0.097	0.267	0.572	0.064	0.521	0.193	0.523&0	1
0.371	0.514	0.044	0.657	0.548	0.115	0.743	0.073	0.827&0	1
0.816	0.817	0.818	0.819	0.82	0.821	0.822	0.823	0.824	0.825	0.826	0.827	0.828	0.829	0.83	0.831	0.832	0.833	0.834&1	0
0.6	0.156	0.158	0.415	0.838	0.391&0	1
0.254	0.255	0.256	0.257	0.258	0.259	0.26	0.261	0.262	0.263	0.264&1	0
0.011	0.012	0.013	0.014	0.015	0.016	0.017	0.018	0.019&1	0
0.951	0.952	0.953	0.954	0.955	0.956&1	0
0.52	0.521	0.522	0.523	0.524	0.525	0.526	0.527	0.528	0.529	0.53	0.531	0.532	0.533	0.534	0.535	0.536	0.537&1	0
0.187	0.595	0.574&0	1
0.185	0.665	0.773	0.181	0.149&0	1
0.96	0.58	0.543	0.941	0.867	0.471	0.174&0	1
0.208	0.209	0.21	0.211	0.212	0.213	0.214	0.215	0.216	0.217	0.218	0.219	0.22	0.221	0.222	0.223	0.224	0.225	0.226&1	0
0.617	0.618	0.619	0.62	0.621	0.622	0.623	0.624	0.625	0.626	0.627	0.628	0.629	0.63	0.631&1	0
0.444	0.384	0.329	0.965	0.281	0.227	0.794	0.794	0.317	0.476&0	1
0.441	0.831	0.636	0.634	0.029	0.853&0	1
0.947	0.948	0.949	0.95	0.951	0.952	0.953	0.954	0.955	0.956	0.957	0.958	0.959&1	0
0.838	0.839	0.84	0.841&1	0
0.474	0.82	0.282	0.726	0.309	0.501	0.963	0.124	0.642	0.39	0.764	0.304	0.056&0	1
0.815	0.816	0.817	0.818	0.819	0.82	0.821	0.822	0.823	0.824	0.825&1	0
0.83	0.831	0.832	0.833&1	0
0.207	0.527	0.781	0.366	0.405	0.415	0.566	0.1	0.459	0.71	0.0	0.444	0.266	0.216	1.0	0.314	0.696&0	1
0.701	0.633	0.774	0.285	0.732&0	1
0.236	0.81	0.113	0.419	0.157	0.613	0.893	0.116	0.051	0.336	0.213	0.314&0	1
0.783	0.784	0.785	0.786	0.787	0.788	0.789	0.79	0.791	0.792	0.793	0.794	0.795	0.796	0.797	0.798	0.799&1	0
0.598	0.599	0.6	0.601	0.602	0.603	0.604	0.605	0.606	0.607	0.608	0.609	0.61	0.611	0.612	0.613	0.614	0.615	0.616	0.617&1	0
0.09	0.819	0.84	0.373	0.772&0	1
0.497	0.498	0.499	0.5	0.501	0.502	0.503	0.504	0.505	0.506	0.507	0.508	0.509	0.51	0.511&1	0
0.2	0.549	0.591	0.214	0.287	0.805	0.828	0.077&0	1
0.534	0.909	0.262	0.259	0.168	0.601	0.71	0.445	0.656	0.216&0	1
0.992	0.823	0.012	0.125	0.135	0.239	0.658&0	1
0.794	0.795	0.796&1	0
0.647	0.326	0.074	0.188	0.515	0.222&0	1
0.124	0.125	0.126	0.127	0.128	0.129	0.13	0.131	0.132	0.133	0.134	0.135	0.136	0.137	0.138	0.139	0.14	0.141&1	0
0.313	0.314	0.315	0.316	0.317	0.318	0.319	0.32	0.321	0.322	0.323&1	0
0.215	0.216	0.217	0.218	0.219&1	0
0.807	0.808	0.809	0.81	0.811	0.812	0.813	0.814	0.815	0.816	0.817	0.818	0.819	0.82	0.821	0.822	0.823&1	0
0.322	0.475	0.848	0.467&0	1
0.622	0.623	0.624	0.625	0.626	0.627	0.628	0.629	0.63	0.631	0.632	0.633	0.634	0.635	0.636&1	0
0.412	0.982	0.386&0	1
0.473	0.474	0.475&1	0
0.44	0.925	0.384	0.146	0.658	0.418	0.233	0.216	0.102	0.841	0.14	0.864	0.975	0.381	0.953	0.941	0.618	0.036	0.291&0	1
0.308	0.365	0.302	0.187	0.968	0.385	0.75	0.872	0.308	0.876	0.682&0	1
0.184	0.185	0.186	0.187	0.188	0.189	0.19	0.191	0.192	0.193	0.194	0.195	0.196	0.197&1	0
0.253	0.254	0.255	0.256	0.257	0.258	0.259	0.26	0.261	0.262	0.263	0.264	0.265	0.266	0.267	0.268	0.269	0.27&1	0
0.857	0.86	0.728	0.722	0.253	0.343	0.911	0.236	0.628	0.57	0.7&0	1
0.473	0.702	0.697	0.573	0.374	0.586	0.377	0.843&0	1
0.581	0.369	0.753	0.258	0.779	0.398	0.579	0.257	0.455	0.739	0.8	0.469	0.86	0.988	0.887	0.543	0.407&0	1
0.253	0.254	0.255	0.256	0.257	0.258	0.259	0.26&1	0
0.113	0.745	0.481	0.337	0.171	0.995	0.846&0	1
0.65	0.651	0.652	0.653	0.654	0.655&1	0
0.785	0.585	0.435	0.339	0.614	0.049	0.53	0.993	0.218	0.483	0.738	0.878	0.687	0.059&0	1
0.264	0.265	0.266	0.267	0.268	0.269	0.27	0.271	0.272	0.273	0.274	0.275	0.276	0.277	0.278	0.279	0.28	0.281	0.282	0.283&1	0
0.468	0.469	0.47	0.471	0.472	0.473	0.474	0.475	0.476	0.477	0.478	0.479&1	0
0.169	0.17	0.171	0.172	0.173	0.174	0.175	0.176	0.177	0.178	0.179	0.18	0.181	0.182	0.183	0.184&1	0
0.221	0.258	0.023	0.041	0.199	0.044	0.253	0.789	0.008	0.538	0.622	0.014	0.515	0.567	0.949&0	1
0.46	0.755	0.044	0.819	0.693	0.638	0.149	0.576	0.834	0.923	0.256	0.106	0.042	0.061	0.486	0.703	0.222	0.867&0	1
0.209	0.21	0.211	0.212	0.213	0.214	0.215	0.216	0.217	0.218	0.219	0.22	0.221	0.222	0.223	0.224	0.225	0.226	0.227&1	0
0.403	0.404	0.405	0.406	0.407&1	0
0.976	0.977	0.978	0.979	0.98	0.981	0.982&1	0
0.375	0.376	0.377	0.378	0.379	0.38	0.381	0.382	0.383	0.384	0.385	0.386	0.387	0.388	0.389	0.39	0.391	0.392&1	0
0.7	0.701	0.702&1	0
0.667	0.668	0.669	0.67	0.671	0.672	0.673	0.674	0.675	0.676	0.677	0.678	0.679	0.68	0.681	0.682	0.683	0.684	0.685&1	0
0.486	0.487	0.488	0.489	0.49	0.491	0.492	0.493	0.494	0.495	0.496	0.497	0.498	0.499	0.5	0.501	0.502	0.503&1	0
0.623	0.787	0.678	0.922	0.944	0.487	0.177	0.968	0.984	0.133	0.454	0.309	0.179	0.457	0.254	0.173&0	1
0.195	0.196	0.197	0.198	0.199	0.2	0.201	0.202	0.203	0.204&1	0
0.131	0.651	0.844	0.486	0.446	0.957	0.54	0.295	0.794	0.13	0.291	0.584	0.552	0.715	0.118	0.801	0.358	0.302&0	1
0.89	0.998	0.599	0.81	0.065	0.177	0.112	0.538	0.919	0.992	0.415	0.652&0	1
0.82	0.179	0.32	0.497	0.398	0.955	0.489	0.885	0.681	0.642	0.254	0.624	0.481	0.087	0.033	0.027	0.835	0.767	0.981&0	1
0.44	0.441	0.442	0.443	0.444	0.445	0.446&1	0
0.32	0.511	0.938	0.105	0.58	0.031	0.502	0.958	0.505	0.627	0.95	0.891	0.468&0	1
0.005	0.006	0.007	0.008	0.009	0.01	0.011	0.012	0.013&1	0
0.492	0.493	0.494	0.495	0.496	0.497	0.498	0.499	0.5&1	0
0.637	0.638	0.639	0.64	0.641	0.642	0.643	0.644	0.645	0.646	0.647	0.648	0.649	0.65	0.651	0.652	0.653	0.654	0.655&1	0
0.105	0.107	0.044	0.196	0.639	0.63	0.376	0.451	0.004	0.208	0.699	0.095&0	1
0.756	0.757	0.758	0.759	0.76	0.761	0.762	0.763	0.764	0.765&1	0
0.316	0.477	0.102	0.732	0.155	0.583	0.924	0.727	0.594	0.384	0.225	0.36	0.342	0.604	0.74	0.862	0.522&0	1
0.11	0.803	0.629	0.08	0.589	0.277	0.811	0.477	0.966	0.68	0.244	0.925	0.235	0.445	0.849	0.465	0.21	0.109	0.333	0.656&0	1
0.91	0.203	0.518	0.964	0.283	0.55	0.966	0.805	0.716	0.16	0.42	0.335	0.979	0.286&0	1
0.253	0.358	0.794	0.945	0.114	0.353	0.56	0.98	0.799	0.923	0.184	0.307	0.571	0.977	0.792&0	1
0.685	0.686	0.687	0.688	0.689	0.69	0.691	0.692	0.693	0.694&1	0
0.569	0.985	0.126	0.535	0.641	0.564	0.064	0.086	0.664	0.023	0.488	0.556	0.868	0.177	0.737	0.834	0.777	0.765	0.47	0.549&0	1
0.191	0.192	0.193	0.194	0.195	0.196	0.197&1	0
0.156	0.835	0.241	0.959	0.441	0.438	0.286	0.603&0	1
0.148	0.539	0.058	0.457	0.539	0.951	0.939	0.728	0.362	0.062	0.805	0.936	0.253	0.413&0	1
0.751	0.752	0.753	0.754	0.755	0.756	0.757	0.758	0.759	0.76&1	0
0.745	0.746	0.747	0.748	0.749	0.75	0.751	0.752	0.753	0.754	0.755	0.756	0.757	0.758	0.759	0.76	0.761	0.762	0.763&1	0
0.243	0.244	0.245	0.246	0.247&1	0
0.81	0.539	0.722	0.377	0.697	0.253	0.637	0.392	0.731	0.066	0.201	0.769	0.159	0.922	0.838	0.931	0.956	0.0	0.036&0	1
0.37	0.507	0.311	0.961	0.821	0.381	0.517	0.83	0.222	0.855	0.8	0.135	0.511&0	1
0.835	0.836	0.837&1	0
0.176	0.055	0.718	0.375	0.603	0.909	0.027	0.589	0.373	0.7&0	1
0.316	0.642	0.871	0.831	0.62	0.975&0	1
0.849	0.85	0.851	0.852	0.853	0.854	0.855	0.856	0.857	0.858	0.859	0.86&1	0
0.675	0.676	0.677	0.678	0.679	0.68	0.681	0.682	0.683	0.684	0.685	0.686	0.687&1	0
0.415	0.942	0.054	0.47&0	1
0.673	0.296	0.923	0.641	0.151	0.285	0.889	0.945	0.516	0.415	0.885	0.701	0.341	0.401	0.198&0	1
0.338	0.751	0.855	0.084&0	1
0.762	0.763	0.764	0.765	0.766&1	0
0.691	0.874	0.883	0.689	0.715	0.559	0.823	0.524	0.655	0.837	0.326&0	1
0.537	0.557	0.366	0.96	0.048	0.941	0.316	0.216	0.588	0.528	0.876	0.468	0.556	0.286	0.376	0.278	0.354	0.948	0.281&0	1
0.491	0.628	0.598	0.367&0	1
0.557	0.558	0.559	0.56	0.561	0.562	0.563	0.564	0.565	0.566	0.567	0.568	0.569	0.57	0.571&1	0
0.846	0.413	0.231	0.405	0.981	0.155	0.737	0.759	0.333	0.29	0.022&0	1
0.045	0.046	0.047	0.048	0.049	0.05	0.051	0.052	0.053	0.054	0.055	0.056	0.057	0.058	0.059	0.06	0.061	0.062&1	0
0.223	0.224	0.225&1	0
0.971	0.49	0.843	0.034	0.254	0.811	0.405	0.169	0.025&0	1
0.848	0.541	0.312	0.439	0.334	0.076	0.366	0.834	0.003	0.919	0.728	0.906	0.791	0.996	0.466	0.661	0.089&0	1
0.272	0.31	0.755	0.995	0.868	0.273	0.371	0.732	0.601	0.81	0.186	0.555	0.613	0.862	0.817	0.206	0.584&0	1
0.962	0.939	0.525	0.694	0.589	0.815	0.043	0.726	0.601	0.448	0.105	0.536	0.839	0.407	0.766	0.309	0.602	0.092	0.625	0.854&0	1
0.09	0.354	0.615	0.035	0.329	0.775	0.296	0.714	0.733	0.699	0.395	0.86&0	1
0.087	0.167	0.177	0.256	0.519&0	1
0.635	0.636	0.637	0.638	0.639	0.64	0.641	0.642	0.643	0.644	0.645	0.646	0.647	0.648	0.649	0.65&1	0
0.299	0.3	0.301	0.302	0.303	0.304	0.305	0.306	0.307	0.308	0.309	0.31	0.311	0.312	0.313	0.314	0.315	0.316	0.317&1	0
0.465	0.466	0.467	0.468	0.469	0.47	0.471	0.472	0.473	0.474	0.475	0.476	0.477	0.478	0.479	0.48	0.481	0.482	0.483&1	0
0.857	0.858	0.859	0.86	0.861	0.862	0.863	0.864	0.865	0.866	0.867	0.868	0.869	0.87	0.871	0.872	0.873&1	0
0.573	0.574	0.575	0.576	0.577	0.578	0.579	0.58	0.581	0.582	0.583&1	0
0.439	0.811	0.434	0.643	0.047	0.273	0.858	0.142	0.609	0.556	0.556	0.138	0.809	0.577	0.142	0.218	0.063	0.066&0	1
0.285	0.286	0.287	0.288	0.289	0.29	0.291	0.292	0.293&1	0
0.403	0.404	0.405	0.406	0.407	0.408	0.409	0.41	0.411	0.412	0.413	0.414	0.415&1	0
0.174	0.464	0.092	0.36	0.379	0.28	0.329	0.781	0.332	0.648	0.49	0.722	0.087	0.785&0	1
0.676	0.677	0.678	0.679	0.68	0.681	0.682	0.683	0.684	0.685	0.686	0.687	0.688	0.689	0.69	0.691	0.692&1	0
0.906	0.967	0.993	0.948	0.192	0.18	0.739	0.559	0.619	0.759	0.879	0.74	0.149	0.657	0.124	0.44	0.266	0.452&0	1
0.201	0.095	0.838	0.559	0.011	0.79	0.484	0.127	0.163	0.312&0	1
0.941	0.549	0.944	0.637	0.709	0.293	0.583	0.165	0.67	0.237	0.737	0.624	0.039&0	1
0.365	0.371	0.805	0.955	0.066	0.562	0.634	0.333	0.844	0.506	0.401	0.798	0.233	0.835	0.308	0.794	0.219	0.382&0	1
0.247	0.248	0.249	0.25	0.251	0.252&1	0
0.439	0.44	0.441	0.442	0.443	0.444	0.445	0.446&1	0
0.65	0.771	0.435	0.491&0	1
0.137	0.138	0.139	0.14	0.141	0.142	0.143	0.144	0.145	0.146	0.147	0.148	0.149	0.15	0.151	0.152	0.153	0.154	0.155	0.156&1	0
0.704	0.705	0.706	0.707	0.708	0.709	0.71	0.711	0.712	0.713&1	0
0.014	0.015	0.016	0.017	0.018&1	0
0.702	0.218	0.689	0.207	0.095	0.769	0.154	0.854	0.181	0.589	0.838	0.557	0.543	0.9	0.933	0.794	0.491	0.205	0.225&0	1
0.254	0.255	0.256	0.257	0.258	0.259	0.26	0.261	0.262	0.263	0.264	0.265	0.266	0.267	0.268	0.269	0.27	0.271	0.272	0.273&1	0
0.734	0.916	0.464	0.053	0.015	0.936	0.073	0.502	0.109	0.423	0.343	0.017	0.227	0.213	0.996	0.143	0.092	0.64	0.471&0	1
0.293	0.294	0.295	0.296	0.297	0.298	0.299&1	0
0.501	0.502	0.503	0.504	0.505	0.506	0.507	0.508	0.509	0.51	0.511	0.512	0.513	0.514	0.515	0.516	0.517	0.518	0.519	0.52&1	0
0.089	0.86	0.699	0.588	0.73	0.3	0.771	0.556	0.468&0	1
0.22	0.221	0.222	0.223	0.224	0.225	0.226	0.227	0.228	0.229	0.23	0.231	0.232	0.233	0.234	0.235	0.236&1	0
0.87	0.196	0.916	0.259&0	1
0.682	0.531	0.352	0.551	0.106	0.451	0.689	0.768	0.787	0.697	0.743	0.745	0.449	0.62	0.446	0.736	0.11	0.666	0.42&0	1
0.77	0.683	0.86	0.481	0.718	0.46	0.489	0.541	0.031	0.226&0	1
0.302	0.303	0.304	0.305	0.306	0.307	0.308	0.309	0.31	0.311	0.312	0.313	0.314	0.315	0.316	0.317	0.318	0.319&1	0
0.55	0.229	0.88	0.423	0.784	0.154	0.683	0.588	0.351	0.446	0.804	0.33	0.382	0.458	0.917	0.349	0.173	0.519	0.156&0	1
0.238	0.239	0.24	0.241	0.242	0.243	0.244	0.245	0.246	0.247	0.248	0.249&1	0
0.929	0.943	0.243	0.199	0.295	0.673	0.28	0.558	0.513	0.916	0.401	0.01	0.772	0.734	0.692	0.459	0.137&0	1
0.787	0.788	0.789	0.79	0.791	0.792	0.793	0.794	0.795	0.796	0.797	0.798	0.799	0.8	0.801&1	0
0.054	0.055	0.056	0.057	0.058	0.059	0.06	0.061	0.062	0.063	0.064	0.065	0.066	0.067	0.068	0.069	0.07	0.071	0.072	0.073&1	0
0.908	0.991	0.333	0.586	0.206	0.539	0.898	0.311	0.622	0.073	0.738	0.584	0.988	0.32	0.729&0	1
0.564	0.565	0.566	0.567	0.568	0.569	0.57	0.571	0.572	0.573	0.574&1	0
0.733	0.32	0.948	0.674	0.521	0.534	0.112	0.773	0.616	0.39	0.823	0.303&0	1
0.167	0.447	0.286	0.603	0.238	0.167	0.054	0.036	0.281&0	1
0.007	0.008	0.009	0.01	0.011	0.012	0.013	0.014&1	0
0.623	0.729	0.157	0.033	0.686	0.701	0.26	0.92	0.141	0.399	0.143	0.161	0.193	0.256	0.363	0.698	0.325	0.533	0.383&0	1
0.571	0.572	0.573	0.574	0.575	0.576	0.577	0.578	0.579	0.58	0.581	0.582	0.583	0.584	0.585	0.586&1	0
0.415	0.416	0.417	0.418	0.419	0.42	0.421	0.422	0.423	0.424	0.425	0.426&1	0
0.038	0.439	0.642	0.808&0	1
0.456	0.457	0.458	0.459	0.46	0.461	0.462	0.463	0.464	0.465	0.466&1	0
0.266	0.222	0.523	0.478	0.683	0.535	0.022	0.642	0.893	0.731	0.579	0.389	0.756	0.528	0.01	0.061	0.003	0.141&0	1
0.553	0.554	0.555	0.556	0.557	0.558	0.559	0.56	0.561	0.562	0.563	0.564	0.565	0.566&1	0
0.293	0.378	0.254	0.805	0.743	0.814	0.776	0.829	0.855	0.656	0.877	0.227	0.696&0	1
0.703	0.281	0.43	0.294	0.309	0.12	0.516	0.724	0.965	0.818	0.764	0.125	0.839	0.731&0	1
0.363	0.364	0.365	0.366&1	0
0.252	0.253	0.254	0.255	0.256	0.257	0.258	0.259	0.26&1	0
0.074	0.075	0.076	0.077	0.078	0.079	0.08	0.081	0.082	0.083	0.084	0.085	0.086	0.087	0.088	0.089	0.09	0.091&1	0
0.656	0.657	0.658	0.659	0.66	0.661	0.662	0.663	0.664	0.665	0.666	0.667	0.668	0.669&1	0
0.837	0.236	0.117	0.468	0.687	0.834	0.285	0.803	0.935	0.287	0.005	0.538&0	1
0.363	0.364	0.365	0.366	0.367	0.368	0.369	0.37	0.371	0.372	0.373&1	0
0.83	0.831	0.832	0.833	0.834	0.835	0.836&1	0
0.179	0.842	0.342	0.36	0.312	0.505	0.884	0.758	0.206	0.942	0.292&0	1
0.714	0.109	0.417	0.151	0.867	0.165	0.312	0.966	0.077	0.957	0.666	0.213	0.109	0.506	0.371	0.598	0.111	0.346	0.354&0	1
0.202	0.91	0.639	0.883	0.322	0.031	0.527	0.678	0.408&0	1
0.033	0.27	0.444	0.561	0.173	0.934&0	1
0.948	0.949	0.95	0.951	0.952	0.953	0.954	0.955	0.956	0.957	0.958	0.959	0.96	0.961&1	0
0.438	0.187	0.149	0.811	0.942	0.492	0.047	0.284	0.711	0.432&0	1
0.288	0.289	0.29	0.291	0.292	0.293	0.294	0.295	0.296	0.297	0.298&1	0
0.565	0.741	0.075&0	1
0.848	0.417	0.983	0.189	0.109	0.275	0.077	0.325	0.983	0.23	0.176	0.259	0.059	0.458&0	1
0.945	0.946	0.947	0.948	0.949&1	0
0.791	0.311	0.121	0.369	0.976	0.913	0.811	0.513	0.348	0.69	0.025	0.617	0.219	0.377	0.927	0.273&0	1
0.13	0.957	0.398	0.452	0.795	0.238	0.321&0	1
0.934	0.795	0.106	0.721	0.176	0.847	0.361	0.695	0.969	0.283&0	1
0.408	0.176	0.364	0.355	0.129	0.444	0.126	0.296	0.489	0.047	0.631&0	1
0.228	0.394	0.917	0.057	0.954&0	1
0.514	0.515	0.516	0.517	0.518	0.519	0.52	0.521	0.522	0.523	0.524	0.525	0.526	0.527	0.528	0.529	0.53	0.531	0.532&1	0
0.892	0.893	0.894	0.895	0.896	0.897	0.898	0.899	0.9	0.901&1	0
0.564	0.565	0.566	0.567	0.568	0.569	0.57	0.571	0.572	0.573	0.574	0.575	0.576	0.577&1	0
0.903	0.904	0.905	0.906	0.907&1	0
0.048	0.817	0.949	0.184	0.385	0.624	0.775	0.948	0.266	0.05	0.791	0.32	0.24	0.953	0.71	0.659	0.451	0.254	0.078	0.811&0	1
0.717	0.852	0.728	0.308	0.304	0.257	0.046	0.106	0.395	0.922	0.292	0.984	0.747	0.62	0.349	0.211	0.151	0.901	0.179&0	1
0.818	0.335	0.357	0.019	0.144	0.467	0.809	0.556	0.896	0.982	0.755	0.889	0.025	0.055	0.109	0.173&0	1
0.905	0.545	0.268	0.777	0.048	0.394	0.139	0.073&0	1
0.663	0.758	0.994	0.223	0.508	0.348	0.681	0.449	0.32	0.945	0.846	0.53	0.645	0.972	0.04&0	1
0.147	0.155	0.983&0	1
0.029	0.969	0.269	0.272	0.766	0.535	0.868	0.622	0.244	0.548	0.952	0.077	0.203	0.533	0.673	0.265	0.848	0.125	0.311&0	1
0.008	0.673	0.863	0.903	0.902	0.698	0.007	0.265&0	1
0.116	0.117	0.118	0.119	0.12&1	0
0.173	0.791	0.104	0.044&0	1
0.137	0.037	0.699	0.424	0.478	0.456	0.261	0.668	0.702	0.455	0.108&0	1
0.886	0.887	0.888	0.889	0.89	0.891	0.892	0.893	0.894	0.895	0.896	0.897	0.898	0.899&1	0
0.67	0.671	0.672	0.673	0.674	0.675	0.676	0.677	0.678	0.679	0.68	0.681	0.682	0.683	0.684	0.685	0.686	0.687	0.688	0.689&1	0
0.303	0.304	0.305	0.306	0.307	0.308	0.309	0.31	0.311	0.312&1	0
0.13	0.32	0.923	0.112	0.804	0.268	0.166	0.761	0.493	0.171	0.619	0.87	0.008	0.981	0.957	0.983&0	1
0.504	0.505	0.506	0.507	0.508	0.509	0.51	0.511	0.512&1	0
0.184	0.185	0.186	0.187	0.188	0.189	0.19	0.191	0.192	0.193	0.194	0.195	0.196	0.197	0.198	0.199	0.2	0.201&1	0
0.15	0.372	0.582	0.804	0.055	0.528	0.285	0.189	0.742	0.683	0.781	0.678	0.652&0	1
0.218	0.158	0.154	0.715	0.874	0.561	0.059	0.048&0	1
0.505	0.506	0.507	0.508	0.509	0.51	0.511	0.512&1	0
0.064	0.069	0.953	0.178	0.057	0.15	0.054	0.635	0.859	0.136	0.929	0.716	0.943	0.722&0	1
0.919	0.829	0.473	0.176	0.587	0.321	0.443	0.154	0.469	0.058	0.974	0.647	0.438&0	1
0.696	0.565	0.91	0.135	0.151	0.559	0.928	0.372	0.278	0.824	0.495	0.357	0.64	0.531	0.062	0.719	0.909	0.076	0.584&0	1
0.941	0.942	0.943	0.944	0.945	0.946	0.947	0.948	0.949	0.95	0.951&1	0
0.57	0.571	0.572	0.573	0.574&1	0
0.818	0.838	0.081	0.566	0.95&0	1
0.793	0.407	0.316	0.399	0.421	0.107	0.553	0.504	0.528	0.492	0.568	0.464	0.062	0.2&0	1
0.758	0.005	0.653	0.009	0.504	0.023	0.409	0.943&0	1
0.193	0.194	0.195	0.196	0.197	0.198	0.199	0.2	0.201	0.202	0.203&1	0
0.913	0.914	0.915	0.916	0.917	0.918	0.919	0.92	0.921&1	0
0.126	0.349	0.5&0	1
0.817	0.818	0.819	0.82&1	0
0.387	0.388	0.389	0.39	0.391	0.392	0.393	0.394	0.395	0.396	0.397	0.398	0.399	0.4	0.401	0.402	0.403	0.404	0.405	0.406&1	0
0.133	0.134	0.135	0.136	0.137	0.138	0.139	0.14	0.141	0.142	0.143	0.144	0.145	0.146	0.147	0.148	0.149	0.15&1	0
0.559	0.56	0.561	0.562	0.563	0.564	0.565	0.566	0.567	0.568	0.569	0.57	0.571	0.572	0.573	0.574	0.575	0.576	0.577	0.578&1	0
0.486	0.1	0.759	0.57	0.071	0.173	0.023	0.517	0.986	0.377	0.484	0.04	0.935	0.385	0.18	0.936	0.747	0.392	0.145	0.322&0	1
0.782	0.101	0.331	0.757	0.078	0.489	0.937	0.516	0.795	0.985	0.669&0	1
0.865	0.651	0.229	0.056	0.786&0	1
0.332	0.841	0.922	0.356	0.65	0.395&0	1
0.266	0.267	0.268	0.269	0.27	0.271	0.272	0.273	0.274	0.275&1	0
0.414	0.42	0.828	0.789&0	1
0.15	0.151	0.152	0.153	0.154	0.155	0.156	0.157	0.158	0.159	0.16	0.161	0.162	0.163	0.164	0.165	0.166	0.167	0.168	0.169&1	0
0.13	0.131	0.132&1	0
0.338	0.726	0.319	0.66	0.522	0.791	0.95	0.64	0.835	0.102&0	1
0.484	0.485	0.486	0.487	0.488	0.489	0.49	0.491	0.492	0.493	0.494	0.495&1	0
0.583	0.584	0.585	0.586	0.587	0.588	0.589	0.59	0.591	0.592	0.593	0.594	0.595	0.596	0.597	0.598	0.599	0.6	0.601	0.602&1	0
0.724	0.725	0.726	0.727	0.728	0.729	0.73	0.731	0.732	0.733	0.734	0.735	0.736	0.737	0.738	0.739	0.74	0.741	0.742&1	0
0.867	0.868	0.869	0.87	0.871	0.872	0.873	0.874	0.875	0.876	0.877	0.878	0.879	0.88	0.881	0.882	0.883&1	0
0.191	0.192	0.193	0.194	0.195	0.196	0.197	0.198	0.199&1	0
0.134	0.135	0.136	0.137	0.138	0.139	0.14	0.141&1	0
0.112	0.482	0.403	0.869	0.615	0.59	0.978	0.881	0.905	0.728	0.503	0.291	0.971	0.368	0.644	0.346	0.383&0	1
0.615	0.731	0.536	0.601	0.825	0.29	0.553	0.283	0.034	0.88	0.76	0.181	0.532	0.449	0.096	0.036	0.282	0.92	0.229&0	1
0.154	0.905	0.007	0.994	0.194	0.021	0.88	0.972	0.772	0.532	0.316	0.656	0.773	0.11	0.857	0.639	0.383	0.027	0.863	0.531&0	1
0.716	0.004	0.971	0.613	0.96	0.437&0	1
0.967	0.578	0.519	0.127	0.122	0.786	0.014	0.239	0.541	0.693	0.091	0.474	0.065	0.46	0.508	0.909	0.141	0.523	0.302	0.344&0	1
0.486	0.487	0.488	0.489	0.49	0.491	0.492	0.493	0.494	0.495	0.496&1	0
0.128	0.028	0.561	0.876	0.579	0.575	0.069	0.384	0.732	0.927	0.12	0.471	0.829	0.583	0.211	0.008	0.026	0.3	0.029&0	1
0.236	0.623	0.471	0.718	0.104	0.987&0	1
0.505	0.347	0.608	0.463	0.228	0.15	0.37	0.222	0.674	0.495	0.824	0.152	0.57	0.933	0.338	0.813	0.5&0	1
0.186	0.187	0.188&1	0
0.134	0.651	0.995	0.523	0.144	0.423	0.606	0.757	0.25	0.929	0.463	0.528	0.401	0.962	0.075	0.063	0.608&0	1
0.787	0.788	0.789	0.79	0.791	0.792	0.793	0.794	0.795	0.796	0.797	0.798	0.799	0.8	0.801	0.802	0.803	0.804	0.805&1	0
0.903	0.681	0.552	0.076	0.884	0.828	0.466	0.707	0.788	0.805	0.626	0.59	0.255	0.052	0.731	0.61	0.523&0	1
0.364	0.684	0.537	0.698	0.67	0.806	0.388	0.823	0.626	0.059&0	1
0.312	0.727	0.451	0.89	0.866&0	1
0.13	0.131	0.132	0.133	0.134	0.135	0.136	0.137&1	0
0.284	0.552	0.917	0.741	0.888	0.74	0.225	0.038	0.612	0.684	0.132	0.328	0.646	0.659&0	1
0.102	0.148	0.68	0.184	0.468	0.31	0.919	0.893	0.331	0.789	0.158&0	1
0.843	0.844	0.845	0.846	0.847	0.848	0.849	0.85	0.851	0.852	0.853	0.854	0.855	0.856	0.857	0.858	0.859	0.86&1	0
0.089	0.602	0.426	0.307	0.326	0.792&0	1
0.123	0.751	0.108	0.119	0.882	0.363	0.209	0.227	0.348	0.726	0.935	0.154	0.052	0.469	0.87	0.919&0	1
0.945	0.757	0.918	0.461&0	1
0.31	0.489	0.714	0.481	0.026	0.973	0.128	0.262	0.114	0.505	0.461	0.233	0.267	0.521	0.377	0.77&0	1
0.83	0.831	0.832	0.833	0.834	0.835	0.836	0.837	0.838&1	0
0.129	0.516	0.251	0.693	0.335	0.115	0.726	0.378	0.725	0.748	0.325	0.137&0	1
0.988	0.142	0.645	0.032	0.795	0.632	0.009	0.966	0.246	0.353&0	1
0.25	0.278	0.081	0.81	0.489	0.46	0.703	0.361	0.614	0.622	0.898	0.367	0.112	0.693	0.934	0.053	0.75	0.178	0.472&0	1
0.489	0.49	0.491	0.492	0.493	0.494	0.495	0.496	0.497	0.498	0.499	0.5	0.501	0.502	0.503	0.504	0.505	0.506	0.507&1	0
0.068	0.008	0.981	0.261	0.418	0.74&0	1
0.165	0.166	0.167	0.168	0.169	0.17	0.171	0.172	0.173	0.174	0.175	0.176	0.177	0.178	0.179	0.18	0.181&1	0
0.774	0.775	0.776	0.777	0.778	0.779	0.78	0.781	0.782&1	0
0.218	0.828	0.198	0.515	0.177	0.99	0.107	0.022	0.269	0.574	0.635&0	1
0.511	0.512	0.513	0.514&1	0
0.75	0.748	0.263	0.721	0.555	0.106	0.665	0.279	0.579	0.973	0.548	0.894	0.221	0.686	0.779&0	1
0.517	0.518	0.519	0.52	0.521	0.522	0.523	0.524	0.525	0.526	0.527	0.528	0.529	0.53	0.531	0.532	0.533	0.534	0.535	0.536&1	0
0.919	0.92	0.921	0.922	0.923	0.924	0.925	0.926	0.927	0.928	0.929&1	0
0.583	0.584	0.585&1	0
0.97	0.243	0.962	0.949	0.573	0.142	0.197	0.893	0.463	0.699	0.142	0.572	0.447	0.286&0	1
0.08	0.914	0.138	0.339	0.486	0.981&0	1
0.956	0.265	0.79	0.847	0.582	0.787	0.092	0.227	0.711	0.204	0.533	0.129	0.365	0.395	0.12	0.057	0.766	0.624&0	1
0.766	0.767	0.768	0.769	0.77	0.771	0.772	0.773	0.774	0.775	0.776&1	0
0.849	0.243	0.317	0.743	0.209	0.39	0.663	0.412	0.236&0	1
0.764	0.765	0.766	0.767	0.768	0.769	0.77	0.771	0.772	0.773	0.774	0.775	0.776	0.777	0.778	0.779&1	0
0.711	0.712	0.713	0.714	0.715	0.716	0.717	0.718	0.719	0.72	0.721	0.722	0.723	0.724	0.725	0.726&1	0
0.514	0.66	0.866	0.371	0.232	0.997	0.801	0.728	0.283	0.561	0.919	0.67	0.606	0.8	0.857	0.872	0.686&0	1
0.176	0.177	0.178	0.179	0.18	0.181	0.182	0.183	0.184	0.185	0.186	0.187	0.188	0.189	0.19	0.191	0.192	0.193	0.194&1	0
0.14	0.913	0.82	0.877	0.49	0.363	0.948	0.122&0	1
0.576	0.577	0.578	0.579	0.58	0.581	0.582	0.583	0.584&1	0
0.007	0.008	0.009	0.01	0.011	0.012	0.013	0.014	0.015	0.016	0.017	0.018	0.019	0.02	0.021&1	0
0.059	0.338	0.758	0.032	0.663	0.962	0.369	0.804	0.238	0.95	0.753	0.981	0.423	0.553	0.079	0.568	0.211&0	1
0.525	0.526	0.527	0.528	0.529	0.53	0.531	0.532	0.533	0.534&1	0
0.956	0.957	0.958	0.959	0.96	0.961	0.962	0.963	0.964	0.965	0.966&1	0
0.149	0.15	0.151	0.152	0.153	0.154	0.155	0.156	0.157	0.158	0.159	0.16	0.161	0.162	0.163	0.164	0.165	0.166	0.167&1	0
0.956	0.301	0.521&0	1
0.544	0.517	0.862	0.953	0.22	0.449	0.416	0.261	0.372	0.396	0.348	0.28	0.011	0.555	0.04	0.721	0.307&0	1
0.266	0.267	0.268	0.269	0.27	0.271	0.272	0.273	0.274	0.275	0.276	0.277	0.278	0.279	0.28	0.281	0.282	0.283	0.284	0.285&1	0
0.166	0.659	0.549	0.442	0.757	0.013	0.472	0.961	0.709	0.194	0.208	0.035	0.084	0.962	0.808	0.129	0.412	0.32&0	1
0.425	0.426	0.427	0.428	0.429	0.43	0.431	0.432&1	0
0.813	0.672	0.063	0.853	0.895	0.801	0.831	0.127	0.486	0.58	0.817	0.381	0.601	0.911	0.646	0.911	0.151	0.193	0.357&0	1
0.654	0.655	0.656	0.657	0.658	0.659	0.66	0.661	0.662&1	0
0.368	0.305	0.809	0.55	0.242	0.334	0.705	0.912	0.915	0.146&0	1
0.348	0.87	0.976	0.703	0.969	0.657	0.262	0.694	0.402	0.048	0.75	0.073	0.799	0.765	0.295&0	1
0.065	0.143	0.292	0.268&0	1
0.545	0.025	0.627	0.06	0.515	0.235	0.861	0.649	0.784	0.645	0.249	0.154	0.0	0.7	0.008	0.689	0.101	0.691	0.588&0	1
0.828	0.829	0.83	0.831	0.832	0.833	0.834	0.835	0.836	0.837	0.838	0.839	0.84	0.841	0.842	0.843	0.844	0.845	0.846&1	0
0.627	0.493	0.14	0.914	0.505	0.188	0.738	0.423	0.611	0.458	0.087	0.144	0.681	0.638	0.212	0.653	0.939	0.257&0	1
0.437	0.712	0.861	0.253&0	1
0.786	0.787	0.788	0.789	0.79	0.791	0.792	0.793	0.794	0.795	0.796	0.797	0.798	0.799	0.8&1	0
0.255	0.256	0.257	0.258	0.259	0.26&1	0
0.21	0.211	0.212	0.213	0.214	0.215	0.216	0.217	0.218	0.219	0.22	0.221&1	0
0.319	0.32	0.321	0.322	0.323	0.324	0.325	0.326	0.327&1	0
0.864	0.492	0.074	0.628	0.393	0.361&0	1
0.415	0.416	0.417	0.418	0.419	0.42	0.421	0.422	0.423	0.424	0.425	0.426	0.427	0.428	0.429	0.43	0.431&1	0
0.105	0.106	0.107	0.108&1	0
0.144	0.738	0.983&0	1
0.908	0.791	0.269	0.597	0.664	0.272	0.429&0	1
0.051	0.313	0.992	0.563	0.797	0.938	0.582	0.556	0.824	0.798	0.992	0.374	0.156	0.547	0.899	0.987&0	1
0.117	0.118	0.119	0.12&1	0
0.487	0.802	0.224	0.922	0.3	0.728	0.314	0.38	0.254	0.99	0.758	0.017	0.487	0.488	0.935	0.106	0.427&0	1
0.513	0.284	0.253	0.111	0.916	0.79	0.345	0.022	0.54	0.191	0.377&0	1
0.263	0.264	0.265	0.266&1	0
0.952	0.953	0.954	0.955	0.956	0.957	0.958	0.959	0.96	0.961	0.962	0.963	0.964	0.965	0.966&1	0
0.837	0.772	0.149	0.788	0.632	0.177	0.07	0.696	0.115	0.201	0.099	0.454	0.353	0.513	0.974	0.587&0	1
0.654	0.692	0.87	0.395	0.751	0.579	0.13	0.893	0.221	0.773	0.504&0	1
0.263	0.264	0.265	0.266	0.267	0.268	0.269	0.27	0.271	0.272	0.273	0.274	0.275	0.276	0.277	0.278&1	0
0.934	0.935	0.936	0.937	0.938	0.939	0.94	0.941	0.942	0.943	0.944	0.945	0.946	0.947	0.948	0.949	0.95&1	0
0.638	0.639	0.64	0.641	0.642	0.643	0.644	0.645	0.646	0.647	0.648	0.649	0.65	0.651	0.652	0.653	0.654	0.655	0.656	0.657&1	0
0.632	0.633	0.634	0.635	0.636	0.637	0.638&1	0
0.543	0.544	0.545	0.546	0.547	0.548	0.549	0.55	0.551	0.552	0.553	0.554	0.555	0.556	0.557	0.558	0.559	0.56	0.561&1	0
0.27	0.271	0.272	0.273&1	0
0.392	0.393	0.394	0.395	0.396&1	0
0.051	0.957	0.005	0.723	0.103	0.087	0.531	0.998&0	1
0.568	0.569	0.57	0.571	0.572	0.573	0.574	0.575	0.576	0.577&1	0
0.324	0.298	0.039	0.288	0.939	0.83	0.377&0	1
0.244	0.245	0.246	0.247	0.248	0.249	0.25	0.251	0.252	0.253	0.254	0.255	0.256	0.257	0.258	0.259	0.26&1	0
0.728	0.053	0.397	0.141	0.141&0	1
0.022	0.023	0.024	0.025	0.026	0.027	0.028	0.029	0.03	0.031	0.032	0.033	0.034	0.035	0.036&1	0
0.553	0.554	0.555	0.556	0.557	0.558	0.559&1	0
0.798	0.799	0.8	0.801	0.802	0.803	0.804	0.805	0.806	0.807&1	0
0.952	0.953	0.954	0.955	0.956	0.957&1	0
0.971	0.973	0.251	0.807	0.102	0.245	0.005	0.414	0.56	0.004	0.8	0.584	0.243&0	1
0.445	0.205	0.657	0.33	0.265	0.869	0.21	0.89	0.731	0.209	0.692	0.246	0.671	0.383&0	1
0.73	0.731	0.732	0.733	0.734	0.735	0.736&1	0
0.584	0.998	0.408	0.61	0.964	0.741	0.926	0.786	0.721	0.948	0.024	0.226	0.54	0.505&0	1
0.713	0.398	0.266	0.363	0.736	0.652	0.606	0.837	0.093	0.08	0.036	0.176	0.842	0.083&0	1
0.933	0.47	0.446	0.273	0.464	0.559	0.79	0.558	0.003	0.218	0.149	0.046	0.255	0.603	0.647	0.023	0.693	0.35	0.375	0.004&0	1
0.082	0.083	0.084	0.085	0.086	0.087	0.088	0.089	0.09	0.091	0.092&1	0
0.704	0.095	0.654	0.828	0.812	0.903	0.198	0.128	0.498&0	1
0.616	0.873	0.024	0.686&0	1
0.461	0.796	0.116	0.154	0.691	0.871	0.109	0.121	0.039	0.575	0.047	0.065	0.265	0.147&0	1
0.037	0.729	0.456	0.135	0.121	0.348	0.955	0.168	0.5	0.901	0.185	0.034	0.955	0.639	0.992	0.115	0.778	0.054	0.112&0	1
0.665	0.826	0.597	0.83	0.506	0.099	0.38	0.478	0.932	0.683	0.537	0.324	0.762	0.084	0.977&0	1
0.584	0.585	0.586	0.587	0.588	0.589&1	0
0.014	0.58	0.3	0.421	0.11&0	1
0.195	0.893	0.93	0.493	0.423	0.676	0.302	0.244	0.457	0.932	0.132	0.104&0	1
0.155	0.156	0.157	0.158	0.159	0.16&1	0
0.483	0.09	0.597	0.826	0.274&0	1
0.967	0.205	0.903	0.73	0.546	0.027	0.15	0.061	0.452	0.218	0.651	0.451&0	1
0.946	0.456	0.982	0.44	0.767	0.22	0.603	0.666	0.062&0	1
0.453	0.454	0.455&1	0
0.015	0.104	0.907	0.518	0.865	0.128	0.063	0.429&0	1
0.838	0.057	0.506	0.534	0.054&0	1
0.349	0.35	0.351	0.352	0.353	0.354	0.355&1	0
0.328	0.914	0.082	0.429	0.04	0.899	0.368	0.278	0.705	0.989	0.389&0	1
0.612	0.613	0.614	0.615	0.616	0.617	0.618	0.619	0.62	0.621	0.622	0.623&1	0
0.511	0.512	0.513	0.514	0.515	0.516	0.517	0.518	0.519	0.52	0.521	0.522	0.523	0.524	0.525	0.526&1	0
0.333	0.334	0.335	0.336	0.337	0.338	0.339	0.34&1	0
0.637	0.638	0.639	0.64	0.641	0.642	0.643&1	0
0.825	0.311	0.916	0.502&0	1
0.13	0.131	0.132	0.133	0.134	0.135	0.136	0.137	0.138	0.139	0.14	0.141	0.142	0.143	0.144	0.145	0.146	0.147	0.148&1	0
0.77	0.771	0.772	0.773	0.774	0.775	0.776	0.777	0.778	0.779	0.78	0.781	0.782	0.783	0.784	0.785	0.786	0.787&1	0
0.071	0.394	0.29	0.126	0.488	0.868	0.736	0.103	0.031&0	1
0.275	0.276	0.277	0.278	0.279	0.28	0.281	0.282	0.283	0.284	0.285&1	0
0.255	0.327	0.486	0.578&0	1
0.463	0.464	0.465	0.466	0.467	0.468	0.469	0.47	0.471	0.472	0.473&1	0
0.735	0.736	0.737	0.738	0.739	0.74	0.741	0.742	0.743	0.744	0.745	0.746	0.747	0.748	0.749	0.75	0.751	0.752	0.753	0.754&1	0
0.503	0.504	0.505	0.506	0.507	0.508	0.509&1	0
0.457	0.759	0.773	0.765	0.297	0.317	0.074	0.679	0.434	0.937	0.872	0.302	0.97	0.835	0.177	0.72	0.997&0	1
0.445	0.675	0.253	0.003	0.782	0.809	0.761	0.388	0.246	0.974	0.689	0.535	0.077	0.796	0.356	0.904	0.781	0.881	0.08&0	1
0.424	0.678	0.926	0.207	0.098	0.035	0.167	0.792	0.082&0	1
0.858	0.859	0.86	0.861	0.862	0.863	0.864	0.865	0.866&1	0
0.353	0.354	0.355	0.356	0.357	0.358	0.359	0.36	0.361	0.362	0.363	0.364	0.365	0.366&1	0
0.899	0.522	0.982	0.352	0.647	0.425	0.001	0.827	0.139	0.247	0.709	0.649	0.088	0.509	0.365	0.762	0.665	0.082&0	1
0.854	0.855	0.856	0.857	0.858	0.859&1	0
0.165	0.166	0.167	0.168	0.169	0.17	0.171	0.172	0.173	0.174	0.175&1	0
0.807	0.808	0.809	0.81	0.811	0.812	0.813	0.814	0.815	0.816	0.817	0.818	0.819	0.82	0.821	0.822	0.823	0.824&1	0
0.261	0.262	0.263&1	0
0.65	0.651	0.652	0.653	0.654	0.655	0.656	0.657	0.658&1	0
0.47	0.767	0.68	0.787	0.539	0.68	0.192	0.084	0.655	0.271	0.639	0.485	0.452	0.54	0.101	0.502	0.0	0.805&0	1
0.782	0.775	0.664	0.972	0.294	0.903	0.819	0.558	0.787	0.668	0.892	0.644	0.204	0.094	0.409	0.746	0.211	0.548	0.638	0.096&0	1
0.614	0.397	0.623	0.486	0.38	0.072	0.56	0.877	0.438	0.297	0.534	0.018	0.208	0.389	0.299	0.583	0.551	0.267&0	1
0.492	0.282	0.193	0.913	0.755&0	1
0.354	0.355	0.356	0.357	0.358	0.359	0.36	0.361	0.362	0.363&1	0
0.34	0.45	0.153	0.076	0.677	0.845	0.065	0.5	0.381	0.332	0.592	0.051	0.424	0.716	0.114	0.593	0.058	0.587	0.745&0	1
0.19	0.191	0.192	0.193	0.194&1	0
0.523	0.254	0.516	0.791	0.15&0	1
0.829	0.83	0.831	0.832	0.833	0.834	0.835	0.836	0.837	0.838	0.839	0.84	0.841	0.842	0.843	0.844	0.845	0.846	0.847	0.848&1	0
0.123	0.199	0.708	0.96	0.313	0.324	0.661	0.633&0	1
0.717	0.678	0.042	0.672	0.281	0.072	0.396	0.12	0.058	0.696	0.713	0.381	0.183	0.21	0.627	0.136	0.51	0.249&0	1
0.359	0.36	0.361	0.362	0.363	0.364	0.365	0.366	0.367	0.368	0.369	0.37	0.371	0.372	0.373	0.374	0.375	0.376	0.377&1	0
0.675	0.676	0.677	0.678	0.679	0.68	0.681&1	0
0.034	0.634	0.694	0.065	0.821	0.163	0.157	0.315	0.956	0.983	0.209	0.065	0.465	0.639	0.129	0.676	0.083	0.617	0.506&0	1
0.158	0.159	0.16	0.161	0.162	0.163	0.164	0.165	0.166	0.167	0.168	0.169	0.17	0.171	0.172	0.173&1	0
0.0	0.001	0.002	0.003	0.004	0.005	0.006	0.007	0.008	0.009&1	0
0.909	0.91	0.911	0.912	0.913	0.914	0.915	0.916	0.917	0.918	0.919&1	0
0.448	0.616	0.787&0	1
0.807	0.63	0.471	0.259	0.323	0.716	0.513	0.759	0.392	0.267	0.459	0.907	0.52	0.246	0.51	0.232&0	1
0.058	0.059	0.06	0.061	0.062	0.063	0.064	0.065	0.066	0.067	0.068	0.069	0.07	0.071&1	0
0.211	0.733	0.379	0.379	0.387	0.688&0	1
0.324	0.325	0.326	0.327	0.328	0.329	0.33	0.331	0.332	0.333	0.334	0.335	0.336	0.337&1	0
0.727	0.738	0.288	0.32	0.277	0.973	0.767	0.764	0.877&0	1
0.943	0.944	0.945	0.946&1	0
0.96	0.961	0.962	0.963	0.964	0.965	0.966	0.967	0.968	0.969	0.97	0.971	0.972	0.973	0.974	0.975	0.976&1	0
0.317	0.741	0.38	0.547	0.563	0.186	0.57	0.341	0.07	0.961	0.042	0.374	0.606	0.695	0.815	0.292	0.596	0.468&0	1
0.357	0.995	0.749	0.347	0.778	0.996	0.635	0.232	0.855	0.817	0.332	0.645	0.605	0.67	0.122&0	1
0.283	0.284	0.285	0.286	0.287	0.288	0.289	0.29	0.291	0.292	0.293	0.294	0.295	0.296	0.297	0.298	0.299	0.3&1	0
0.404	0.659	0.598	0.574	0.632	0.295	0.877	0.46	0.436	0.385	0.786	0.903	0.317	0.797	0.527	0.536	0.266	0.611	0.829&0	1
0.524	0.525	0.526	0.527	0.528&1	0
0.151	0.609	0.669	0.739	0.086	0.616	0.893	0.607	0.994	0.656	0.227	0.106	0.827	0.116	0.344	0.367	0.956	0.693&0	1
0.447	0.448	0.449	0.45	0.451	0.452	0.453	0.454	0.455	0.456	0.457	0.458	0.459	0.46	0.461&1	0
0.74	0.355	0.119	0.506&0	1
0.453	0.454	0.455&1	0
0.283	0.629	0.208	0.521&0	1
0.378	0.379	0.38	0.381	0.382	0.383	0.384	0.385	0.386	0.387	0.388	0.389	0.39	0.391	0.392	0.393&1	0
0.261	0.262	0.263	0.264	0.265	0.266	0.267	0.268	0.269	0.27	0.271&1	0
0.587	0.588	0.589	0.59	0.591	0.592	0.593	0.594	0.595	0.596	0.597	0.598	0.599	0.6&1	0
0.323	0.324	0.325	0.326	0.327	0.328	0.329	0.33	0.331	0.332	0.333	0.334&1	0
0.685	0.175	0.995	0.212	0.964	0.308	0.415	0.566	0.074	0.383	0.695	0.343&0	1
0.93	0.931	0.932	0.933	0.934	0.935	0.936	0.937	0.938	0.939	0.94	0.941&1	0
0.857	0.858	0.859	0.86	0.861	0.862	0.863	0.864	0.865	0.866	0.867	0.868	0.869	0.87&1	0
0.24	0.598	0.346	0.375	0.146	0.278	0.769	0.019	0.29	0.996	0.0	0.974	0.978&0	1
0.626	0.001	0.428	0.642	0.207	0.59	0.997	0.809	0.404	0.118&0	1
0.314	0.315	0.316	0.317	0.318	0.319	0.32	0.321	0.322	0.323	0.324	0.325	0.326	0.327	0.328&1	0
0.872	0.793	0.194	0.558	0.722	0.277	0.824	0.082	0.61	0.084	0.655	0.871	0.495	0.943	0.891&0	1
0.493	0.868	0.302	0.861	0.148	0.058	0.794	0.495	0.846	1.0	0.842	0.833	0.206	0.147	0.586	0.228	0.56	0.37	0.916&0	1
0.713	0.299	0.611	0.138	0.769	0.043	0.097	0.95	0.259&0	1
0.401	0.274	0.258	0.455	0.789	0.013	0.767	0.789	0.104	0.729	0.187	0.257	0.67	0.273	0.249	0.36	0.17	0.188&0	1
0.235	1.0	0.244	0.252	0.974	0.274	0.846	0.597	0.384	0.698&0	1
0.395	0.463	0.401	0.834	0.644	0.271	0.614	0.513	0.938	0.761	0.544	0.258	0.889	0.72	0.432	0.519	0.248	0.795&0	1
0.875	0.723	0.222	0.274	0.379	0.835&0	1
0.271	0.167	0.712	0.582	0.727	0.432	0.207	0.973	0.786	0.535	0.402	0.923	0.808	0.096	0.011	0.644&0	1
0.496	0.497	0.498	0.499	0.5	0.501	0.502	0.503	0.504	0.505&1	0
0.404	0.085	0.69	0.085	0.135	0.776	0.694	0.217&0	1
0.236	0.237	0.238	0.239	0.24	0.241	0.242	0.243	0.244	0.245	0.246	0.247	0.248	0.249	0.25	0.251	0.252	0.253	0.254	0.255&1	0
0.462	0.463	0.464	0.465	0.466	0.467	0.468	0.469	0.47	0.471	0.472&1	0
0.534	0.535	0.536	0.537	0.538	0.539	0.54&1	0
0.584	0.585	0.586	0.587	0.588	0.589	0.59	0.591	0.592	0.593	0.594	0.595	0.596	0.597	0.598	0.599	0.6&1	0
0.247	0.265	0.732	0.414	0.097	0.216	0.94	0.577	0.787	0.385	0.886	0.363&0	1
0.631	0.632	0.633	0.634	0.635	0.636&1	0
0.146	0.147	0.148	0.149&1	0
0.478	0.479	0.48	0.481	0.482	0.483	0.484	0.485	0.486	0.487	0.488	0.489	0.49	0.491	0.492	0.493	0.494	0.495	0.496	0.497&1	0
0.843	0.831	0.007	0.031	0.333	0.463	0.732	0.766	0.485	0.444	0.782	0.177	0.691	0.787	0.334	0.185	0.109	0.565	0.319&0	1
0.027	0.924	0.162	0.849	0.447	0.38	0.637	0.926	0.761	0.679	0.088	0.437	0.802	0.987	0.619	0.157	0.188	0.156	0.555&0	1
0.267	0.859	0.431	0.629	0.949	0.458	0.012	0.182&0	1
0.819	0.122	0.96	0.333	0.748&0	1
0.993	0.84	0.71	0.693	0.935&0	1
0.035	0.036	0.037	0.038	0.039	0.04	0.041	0.042	0.043	0.044	0.045	0.046	0.047	0.048	0.049	0.05	0.051&1	0
0.621	0.607	0.631	0.371	0.671	0.939	0.408	0.426	0.268	0.731	0.898	0.219	0.162	0.382&0	1
0.785	0.199	0.692&0	1
0.218	0.219	0.22	0.221	0.222	0.223	0.224	0.225	0.226	0.227	0.228	0.229	0.23	0.231	0.232&1	0
0.557	0.297	0.97	0.363	0.29	0.73	0.257	0.427	0.637	0.37	0.239&0	1
0.521	0.522	0.523	0.524	0.525	0.526	0.527	0.528	0.529	0.53&1	0
0.095	0.096	0.097	0.098	0.099	0.1	0.101	0.102	0.103	0.104	0.105	0.106	0.107	0.108	0.109	0.11	0.111	0.112	0.113&1	0
0.108	0.332	0.894	0.092	0.473	0.546	0.874	0.381	0.98	0.091	0.442	0.5	0.778	0.337	0.217	0.254	0.737	0.436	0.632	0.471&0	1
0.017	0.483	0.197	0.81	0.715	0.643	0.827	0.549	0.489&0	1
0.596	0.597	0.598	0.599&1	0
0.895	0.896	0.897&1	0
0.29	0.291	0.292	0.293	0.294	0.295&1	0
0.659	0.524	0.754&0	1
0.35	0.295	0.442	0.163	0.677	0.802	0.28	0.867	0.709	0.196	0.961	0.432	0.49	0.732&0	1
0.905	0.709	0.919	0.514&0	1
0.368	0.616	0.123	0.284	0.049	0.13	0.658	0.174	0.627	0.348	0.984	0.792	0.602	0.325	0.365	0.795&0	1
0.08	0.081	0.082	0.083	0.084	0.085&1	0
0.779	0.814	0.219	0.521&0	1
0.345	0.738	0.906	0.555	0.46&0	1
0.905	0.527	0.522	0.374	0.041	0.095	0.796	0.765	0.335	0.01&0	1
0.92	0.921	0.922	0.923	0.924	0.925	0.926	0.927	0.928	0.929	0.93	0.931&1	0
0.446	0.447	0.448&1	0
0.542	0.543	0.544	0.545	0.546	0.547	0.548	0.549	0.55	0.551	0.552	0.553	0.554	0.555	0.556&1	0
0.377	0.78	0.667&0	1
0.965	0.388	0.079	0.339&0	1
0.124	0.125	0.126	0.127	0.128	0.129	0.13	0.131	0.132	0.133	0.134	0.135	0.136&1	0
0.133	0.309	0.142	0.74	0.205	0.821	0.466	0.762	0.277	0.82	0.475	0.046	0.773	0.244	0.907	0.561	0.506	0.286	0.356&0	1
0.225	0.906	0.253	0.929	0.101	0.858	0.71	0.952	0.565	0.951	0.06	0.98	0.549	0.059&0	1
0.495	0.003	0.935	0.954	0.073	0.275	0.703	0.798	0.902	0.48	0.272	0.178&0	1
0.195	0.455	0.26	0.863&0	1
0.972	0.973	0.974	0.975&1	0
0.125	0.126	0.127	0.128	0.129	0.13	0.131	0.132	0.133	0.134	0.135	0.136	0.137	0.138	0.139	0.14	0.141	0.142	0.143&1	0
0.411	0.696	0.948	0.974	0.633	0.979	0.381	0.389	0.532	0.29&0	1
0.958	0.959	0.96	0.961	0.962	0.963	0.964&1	0
0.032	0.145	0.752	0.21	0.692	0.621	0.622	0.529	0.184	0.027	0.303	0.89&0	1
0.2	0.201	0.202	0.203	0.204	0.205&1	0
0.489	0.49	0.491	0.492	0.493	0.494	0.495	0.496	0.497	0.498	0.499	0.5	0.501	0.502	0.503	0.504	0.505&1	0
0.957	0.958	0.959	0.96	0.961	0.962	0.963	0.964	0.965	0.966	0.967	0.968	0.969&1	0
0.119	0.12	0.121	0.122	0.123	0.124	0.125	0.126	0.127	0.128&1	0
0.313	0.314	0.315	0.316	0.317	0.318	0.319	0.32	0.321	0.322	0.323	0.324	0.325	0.326	0.327	0.328&1	0
0.388	0.389	0.39	0.391	0.392	0.393	0.394	0.395	0.396	0.397	0.398	0.399	0.4	0.401	0.402	0.403	0.404	0.405&1	0
0.392	0.393	0.394	0.395	0.396	0.397	0.398	0.399	0.4	0.401&1	0
0.349	0.35	0.351	0.352&1	0
0.189	0.19	0.191&1	0
0.776	0.777	0.778	0.779	0.78	0.781	0.782	0.783	0.784	0.785	0.786	0.787	0.788	0.789	0.79	0.791	0.792	0.793	0.794	0.795&1	0
0.528	0.529	0.53&1	0
0.453	0.454	0.455	0.456	0.457&1	0
0.145	0.146	0.147	0.148	0.149	0.15&1	0
0.305	0.422	0.76	0.683	0.284	0.506	0.494&0	1
0.597	0.944	0.941	0.92&0	1
0.606	0.607	0.608	0.609	0.61	0.611	0.612	0.613	0.614	0.615	0.616	0.617	0.618	0.619	0.62	0.621	0.622&1	0
0.267	0.268	0.269	0.27	0.271	0.272	0.273	0.274&1	0
0.1	0.101	0.102	0.103	0.104	0.105	0.106	0.107	0.108&1	0
0.073	0.074	0.075	0.076	0.077	0.078	0.079	0.08	0.081	0.082	0.083	0.084&1	0
0.721	0.722	0.723	0.724	0.725	0.726	0.727	0.728	0.729	0.73	0.731	0.732	0.733	0.734&1	0
0.231	0.232	0.233	0.234	0.235	0.236	0.237	0.238	0.239	0.24	0.241	0.242	0.243	0.244&1	0
0.566	0.992	0.549	0.013	0.306	0.944	0.373	0.269&0	1
0.317	0.318	0.319	0.32&1	0
0.566	0.847	0.118	0.874	0.575	0.341&0	1
0.844	0.117	0.229&0	1
0.118	0.872	0.32	0.259	0.708	0.292	0.502	0.346	0.875	0.043	0.676	0.683	0.378	0.828	0.54	0.919	0.521&0	1
0.319	0.224	0.124	0.538	0.958	0.683	0.415&0	1
0.444	0.445	0.446	0.447	0.448&1	0
0.097	0.098	0.099	0.1	0.101	0.102	0.103	0.104	0.105	0.106	0.107	0.108	0.109	0.11	0.111	0.112	0.113	0.114	0.115	0.116&1	0
0.582	0.205	0.253&0	1
0.241	0.691	0.488	0.477	0.688	0.99	0.185	0.225	0.992	0.11	0.969	0.496	0.522	0.666	0.232	0.445	0.012	0.691	0.86	0.634&0	1
0.494	0.495	0.496&1	0
0.871	0.872	0.873	0.874	0.875	0.876	0.877	0.878	0.879&1	0
0.623	0.076	0.015	0.555&0	1
0.601	0.602	0.603&1	0
0.25	0.465	0.419	0.669	0.286	0.227	0.291	0.504	0.748	0.545	0.935	0.449	0.834	0.063&0	1
0.595	0.391	0.185	0.82	0.152	0.901	0.978	0.277	0.851	0.938	0.304	0.691	0.725	0.752	0.181	0.343	0.079	0.592	0.473	0.75&0	1
0.201	0.775	0.658	0.958	0.783	0.765	0.365	0.219	0.896	0.17	0.696	0.881	0.931	0.175	0.827	0.793	0.629&0	1
0.926	0.355	0.552	0.014	0.359	0.944	0.865	0.863	0.902	0.361	0.563	0.011	0.908	0.449	0.662	0.043	0.41	0.075&0	1
0.518	0.633	0.396	0.976	0.765	0.672&0	1
0.529	0.169	0.896	0.821	0.396	0.307	0.783	0.688	0.201	0.327	0.785	0.342	0.381	0.711	0.1	0.074	0.388	0.212	0.461&0	1
0.331	0.399	0.484	0.651	0.393	0.257	0.653	0.131	0.659	0.033&0	1
0.605	0.606	0.607	0.608	0.609	0.61	0.611	0.612	0.613	0.614	0.615	0.616	0.617	0.618	0.619	0.62	0.621	0.622	0.623&1	0
0.202	0.203	0.204	0.205	0.206	0.207	0.208	0.209	0.21	0.211	0.212	0.213&1	0
0.582	0.583	0.584	0.585	0.586	0.587	0.588	0.589	0.59&1	0
0.99	0.503	0.614	0.05	0.539	0.036	0.072	0.713	0.063	0.442	0.536	0.215	0.478	0.233	0.602&0	1
0.005	0.006	0.007	0.008	0.009	0.01	0.011	0.012	0.013	0.014	0.015	0.016	0.017	0.018	0.019	0.02	0.021	0.022	0.023&1	0
0.864	0.895	0.021&0	1
0.015	0.381	0.041	0.268	0.019	0.558	0.382	0.844	0.368	0.364	0.571	0.218	0.465&0	1
0.372	0.719	0.278	0.462&0	1
0.767	0.495	0.242	0.102	0.668	0.725	0.818	0.814	0.186	0.894	0.439	0.433	0.085	0.059	0.942	0.595	0.471&0	1
0.227	0.166	0.917	0.056	0.925	0.984	0.48	0.661	0.998	0.431	0.368	0.398&0	1
0.609	0.61	0.611	0.612	0.613	0.614	0.615	0.616	0.617	0.618	0.619	0.62	0.621&1	0
0.814	0.668	0.054	0.659	0.103	0.647	0.71	0.829	0.961	0.085	0.235	0.996	0.797	0.776	0.459	0.946	0.311	0.884	0.507	0.245&0	1
0.452	0.667	0.747	0.036	0.298	0.699	0.922	0.682&0	1
0.716	0.589	0.725	0.049	0.411	0.415	0.988	0.785	0.082	0.91	0.273&0	1
0.769	0.77	0.771	0.772	0.773	0.774	0.775	0.776	0.777	0.778	0.779&1	0
0.247	0.248	0.249	0.25	0.251	0.252	0.253	0.254	0.255	0.256	0.257	0.258&1	0
0.914	0.492	0.367	0.578	0.495	0.946	0.725	0.914	0.5	0.915	0.262	0.013	0.529	0.941	0.185	0.921&0	1
0.879	0.849	0.612	0.377	0.078	0.746	0.64	0.532	0.772	0.088&0	1
0.619	0.267	0.723	0.688	0.235	0.715	0.371	0.355&0	1
0.841	0.842	0.843	0.844	0.845	0.846	0.847	0.848	0.849	0.85	0.851	0.852	0.853	0.854&1	0
0.718	0.719	0.72	0.721	0.722	0.723	0.724	0.725	0.726	0.727&1	0
0.929	0.049	0.842	0.687	0.095	0.576	0.572	0.884	0.065	0.992	0.4	0.293	0.955	0.773	0.32	0.277	0.102	0.057	0.232	0.214&0	1
0.475	0.791	0.682	0.19&0	1
0.494	0.495	0.496	0.497	0.498	0.499	0.5	0.501	0.502	0.503	0.504	0.505	0.506	0.507	0.508	0.509	0.51	0.511	0.512&1	0
0.11	0.89	0.836	0.274	0.627	0.503	0.728	0.086	0.707	0.16	0.1	0.015	0.036	0.848	0.78	0.102	0.225&0	1
0.037	0.038	0.039	0.04	0.041	0.042	0.043	0.044	0.045&1	0
0.916	0.599	0.901	0.181	0.487	0.017	0.823	0.015	0.837	0.857	0.047	0.154	0.718	0.262&0	1
0.818	0.819	0.82	0.821	0.822	0.823	0.824	0.825	0.826	0.827	0.828	0.829	0.83	0.831&1	0
0.286	0.287	0.288	0.289	0.29	0.291	0.292	0.293	0.294	0.295	0.296	0.297	0.298	0.299	0.3	0.301	0.302	0.303&1	0
0.305	0.116	0.665	0.781	0.341	0.086	0.069	0.767	0.644	0.106	0.851	0.113	0.307	0.659	0.68	0.772	0.195&0	1
0.12	0.226	0.305	0.674	0.274	0.349	0.457	0.125	0.493	0.445	0.069	0.577	0.229	0.434	0.763	0.357	0.615	0.161	0.263&0	1
0.658	0.659	0.66	0.661	0.662	0.663&1	0
0.063	0.792	0.672	0.08	0.07	0.69	0.038&0	1
0.126	0.127	0.128	0.129	0.13	0.131	0.132	0.133	0.134	0.135	0.136	0.137	0.138	0.139	0.14	0.141	0.142	0.143	0.144	0.145&1	0
0.564	0.565	0.566	0.567	0.568	0.569	0.57	0.571	0.572	0.573	0.574	0.575	0.576	0.577	0.578	0.579	0.58	0.581	0.582	0.583&1	0
0.187	0.188	0.189&1	0
0.235	0.236	0.237	0.238	0.239	0.24	0.241	0.242	0.243	0.244	0.245	0.246	0.247	0.248	0.249	0.25	0.251	0.252	0.253&1	0
0.821	0.084	0.874	0.921	0.501	0.372	0.149	0.327	0.268	0.577	0.717	0.239	0.675	0.956	0.991	0.247	0.909	0.643&0	1
0.727	0.728	0.729	0.73	0.731	0.732&1	0
0.898	0.899	0.9	0.901	0.902	0.903	0.904	0.905	0.906	0.907	0.908	0.909	0.91	0.911&1	0
0.42	0.421	0.422	0.423	0.424&1	0
0.73	0.401	0.772	0.697	0.624	0.628	0.605	0.996	0.421	0.901	0.55	0.876	0.756	0.426	0.053	0.856	0.376	0.256&0	1
0.448	0.8	0.772	0.263	0.802	0.164	0.533	0.002	0.24	0.185	0.81	0.083	0.13&0	1
0.467	0.521	0.807	0.275	0.871	0.045	0.723	0.407&0	1
0.04	0.041	0.042&1	0
0.867	0.221	0.228	0.913	0.247	0.269	0.877	0.805	0.812	0.88	0.292	0.303	0.748	0.354	0.641	0.819	0.508	0.196	0.605	0.767&0	1
0.569	0.165	0.584	0.263	0.142	0.994	0.312	0.777	0.874	1.0&0	1
0.69	0.457	0.973	0.899&0	1
0.516	0.517	0.518	0.519&1	0
0.554	0.828	0.151	0.155	0.639	0.801	0.559	0.997	0.942	0.218	0.931&0	1
0.369	0.37	0.371	0.372	0.373	0.374	0.375	0.376	0.377	0.378	0.379	0.38	0.381	0.382	0.383&1	0
0.607	0.608	0.609	0.61	0.611	0.612	0.613&1	0
0.152	0.153	0.154	0.155	0.156	0.157	0.158	0.159	0.16	0.161	0.162	0.163	0.164	0.165	0.166	0.167&1	0
0.498	0.499	0.5	0.501	0.502	0.503	0.504	0.505	0.506	0.507	0.508	0.509	0.51	0.511	0.512	0.513	0.514	0.515	0.516	0.517&1	0
0.067	0.068	0.069	0.07	0.071	0.072	0.073	0.074	0.075	0.076	0.077&1	0
0.092	0.093	0.094	0.095	0.096	0.097	0.098	0.099	0.1	0.101	0.102	0.103&1	0
0.229	0.23	0.231	0.232	0.233	0.234	0.235	0.236	0.237	0.238	0.239	0.24	0.241	0.242	0.243	0.244&1	0
0.648	0.649	0.65	0.651	0.652	0.653	0.654	0.655	0.656	0.657	0.658	0.659&1	0
0.107	0.505	0.714	0.667	0.042	0.429	0.772	0.522	0.011	0.671	0.125	0.276	0.055	0.818	0.141	0.372	0.786	0.222	0.488&0	1
0.154	0.155	0.156	0.157&1	0
0.452	0.453	0.454	0.455	0.456	0.457	0.458	0.459	0.46	0.461	0.462	0.463&1	0
0.449	0.45	0.451	0.452	0.453	0.454&1	0
0.325	0.326	0.327	0.328	0.329	0.33&1	0
0.064	0.065	0.066	0.067	0.068	0.069&1	0
0.81	0.407	0.356	0.653	0.796	0.617	0.133	0.403	0.224	0.209	0.9	0.544	0.035	0.66&0	1
0.681	0.465	0.596	0.11	0.51	0.777	0.834	0.569	0.224	0.411	0.623	0.083&0	1
0.662	0.402	0.776	0.325	0.403&0	1
0.413	0.414	0.415&1	0
0.543	0.544	0.545	0.546	0.547	0.548	0.549	0.55	0.551	0.552	0.553	0.554	0.555	0.556	0.557	0.558	0.559	0.56	0.561&1	0
0.397	0.398	0.399	0.4&1	0
0.578	0.579	0.58	0.581&1	0
0.416	0.396	0.473	0.242	0.324	0.471	0.261	0.05	0.314	0.582	0.597	0.764	0.742	0.288	0.178	0.717	0.775	0.824	0.892	0.916&0	1
0.49	0.491	0.492	0.493	0.494&1	0
0.609	0.77	0.353	0.959	0.985	0.83	0.299	0.475	0.964	0.332&0	1
0.171	0.105	0.522	0.522	0.888	0.914	0.745	0.606	0.857	0.49&0	1
0.265	0.727	0.366	0.519	0.908	0.112	0.883	0.275	0.648	0.517&0	1
0.644	0.663	0.985	0.246	0.277	0.498	0.145	0.074	0.974	0.808	0.151	0.963	0.931	0.348	0.743	0.95	0.413&0	1
0.315	0.316	0.317	0.318	0.319	0.32&1	0
0.013	0.165	0.194	0.303	0.738	0.703	0.512	0.66&0	1
0.975	0.976	0.977	0.978	0.979	0.98	0.981&1	0
0.341	0.447	0.33	0.884	0.911	0.005	0.519	0.883	0.391	0.509&0	1
0.446	0.362	0.241	0.992	0.16	0.646&0	1
0.346	0.347	0.348	0.349	0.35	0.351	0.352	0.353	0.354	0.355	0.356	0.357	0.358	0.359	0.36	0.361	0.362	0.363&1	0
0.582	0.639	0.113	0.244&0	1
0.461	0.038	0.96	0.248	0.257	0.255	0.643&0	1
0.051	0.139	0.605	0.681	0.373	0.72&0	1
0.347	0.348	0.349	0.35	0.351	0.352	0.353	0.354	0.355	0.356	0.357	0.358	0.359	0.36	0.361	0.362	0.363	0.364&1	0
0.352	0.353	0.354	0.355	0.356	0.357	0.358	0.359	0.36&1	0
0.024	0.025	0.026	0.027	0.028	0.029	0.03	0.031	0.032	0.033	0.034	0.035	0.036	0.037	0.038	0.039	0.04	0.041	0.042&1	0
0.437	0.56	0.208	0.377	0.774	0.896	0.309	0.908	0.949	0.601&0	1
0.33	0.55	0.193	0.629	0.914	0.095	0.664	0.744	0.219&0	1
0.384	0.385	0.386	0.387	0.388	0.389	0.39	0.391&1	0
0.607	0.608	0.609	0.61	0.611	0.612	0.613	0.614	0.615	0.616	0.617	0.618	0.619&1	0
0.333	0.243	0.992	0.744	0.079	0.489	0.371	0.761	0.192	0.523	0.615	0.992	0.258	0.861	0.426&0	1
0.732	0.298	0.248	0.183	0.104	0.518	0.898	0.265	0.345	0.217	0.978	0.922	0.584	0.263	0.183&0	1
0.462	0.463	0.464	0.465	0.466	0.467	0.468	0.469	0.47&1	0
0.89	0.771	0.397&0	1
0.157	0.373	0.023	0.829	0.952&0	1
0.443	0.444	0.445	0.446	0.447	0.448	0.449	0.45	0.451	0.452	0.453	0.454&1	0
0.948	0.949	0.95	0.951&1	0
0.987	0.988	0.989	0.99	0.991	0.992	0.993	0.994&1	0
0.828	0.463	0.902	0.854	0.259	0.299	0.874	0.796	0.017	0.458	0.89	0.9	0.425	0.076	0.135	0.029	0.989	0.789&0	1
0.394	0.395	0.396	0.397	0.398	0.399	0.4	0.401	0.402	0.403	0.404	0.405&1	0
0.661	0.662	0.663	0.664	0.665	0.666	0.667	0.668	0.669	0.67	0.671	0.672	0.673	0.674	0.675	0.676	0.677	0.678	0.679&1	0
0.561	0.562	0.563	0.564	0.565	0.566	0.567	0.568	0.569	0.57	0.571	0.572	0.573	0.574	0.575&1	0
0.687	0.688	0.689	0.69	0.691	0.692	0.693	0.694&1	0
0.742	0.743	0.744	0.745	0.746	0.747	0.748&1	0
0.606	0.607	0.608	0.609	0.61&1	0
0.112	0.126	0.823	0.685	0.92	0.05&0	1
0.27	0.807	0.435	0.349	0.496	0.894&0	1
0.746	0.975	0.191	0.495	0.004	0.18	0.851	0.889	0.137&0	1
0.142	0.473	0.441	0.993	0.159	0.254	0.38&0	1
0.134	0.135	0.136	0.137	0.138	0.139	0.14	0.141	0.142&1	0
0.568	0.702	0.39	0.73	0.421	0.191	0.953	0.454	0.537	0.214	0.346	0.799	0.167	0.127	0.573	0.221	0.662&0	1
0.094	0.095	0.096	0.097	0.098	0.099&1	0
0.279	0.28	0.281&1	0
0.08	0.081	0.082	0.083	0.084	0.085	0.086&1	0
0.817	0.818	0.819	0.82	0.821	0.822&1	0
0.056	0.057	0.058	0.059	0.06	0.061	0.062	0.063	0.064	0.065&1	0
0.709	0.206	0.833	0.718	0.285	0.296	0.101	0.659	0.876	0.057	0.022	0.183	0.621	0.025	0.849	0.032	0.177&0	1
0.988	0.989	0.99	0.991	0.992	0.993	0.994	0.995	0.996&1	0
0.363	0.364	0.365	0.366&1	0
0.205	0.206	0.207	0.208	0.209	0.21	0.211	0.212	0.213	0.214	0.215	0.216	0.217	0.218	0.219	0.22	0.221	0.222	0.223	0.224&1	0
0.045	0.046	0.047	0.048	0.049	0.05	0.051&1	0
0.848	0.975	0.866&0	1
0.566	0.526	0.236	0.034	0.368	0.126	0.449	0.769	0.639	0.241	0.627	0.391	0.825	0.175&0	1
0.157	0.158	0.159	0.16	0.161	0.162	0.163	0.164	0.165&1	0
0.449	0.45	0.451	0.452	0.453	0.454	0.455	0.456	0.457	0.458	0.459	0.46	0.461	0.462	0.463	0.464	0.465&1	0
0.83	0.831	0.832	0.833	0.834	0.835	0.836	0.837	0.838	0.839	0.84	0.841	0.842	0.843	0.844	0.845&1	0
0.85	0.675	0.215	0.31	0.897	0.153	0.685	0.005	0.595	0.382	0.187	0.258	0.499	0.235	0.445	0.291	0.893	0.643&0	1
0.084	0.077	0.097	0.83	0.915	0.438	0.306	0.777	0.439	0.694	0.643	0.458	0.308	0.893	0.253	0.554	0.617	0.645&0	1
0.079	0.08	0.081	0.082	0.083	0.084	0.085	0.086	0.087	0.088	0.089	0.09	0.091	0.092	0.093	0.094	0.095	0.096	0.097&1	0
0.821	0.234	0.631	0.324	0.344	0.223	0.005	0.872	0.477	0.123	0.845	0.16	0.398	0.419	0.644	0.887	0.774	0.667&0	1
0.536	0.537	0.538	0.539	0.54	0.541	0.542	0.543	0.544	0.545	0.546	0.547	0.548	0.549	0.55	0.551	0.552&1	0
0.126	0.072	0.935	0.887	0.992	0.869	0.772	0.944	0.672	0.556	0.991	0.736	0.528	0.603	0.845	0.525	0.462	0.354	0.846	0.773&0	1
0.516	0.061	0.954	0.464	0.303	0.914	0.95	0.868&0	1
0.933	0.934	0.935&1	0
0.748	0.749	0.75	0.751	0.752	0.753	0.754	0.755	0.756	0.757	0.758	0.759	0.76	0.761	0.762	0.763	0.764&1	0
0.04	0.276	0.207	0.744	0.252	0.352&0	1
0.165	0.166	0.167	0.168	0.169	0.17	0.171&1	0
0.241	0.791	0.286	0.653&0	1
0.37	0.327	0.617	0.535	0.035&0	1
0.552	0.477	0.73	0.298	0.836	0.849	0.114&0	1
0.958	0.959	0.96	0.961	0.962	0.963	0.964	0.965	0.966	0.967	0.968	0.969	0.97	0.971	0.972	0.973&1	0
0.094	0.095	0.096	0.097	0.098	0.099	0.1	0.101	0.102&1	0
0.38	0.209	0.724	0.011	0.629	0.951	0.356&0	1
0.119	0.944	0.782	0.021	0.399&0	1
0.541	0.542	0.543	0.544	0.545	0.546	0.547	0.548	0.549	0.55	0.551	0.552&1	0
0.631	0.006	0.612	0.07	0.366	0.533	0.906	0.272	0.178	0.773	0.457	0.48	0.063	0.575	0.667	0.63	0.494	0.916	0.55	0.786&0	1
0.27	0.271	0.272	0.273&1	0
0.686	0.687	0.688	0.689	0.69	0.691	0.692	0.693	0.694	0.695	0.696	0.697	0.698	0.699&1	0
0.66	0.611	0.789	0.972	0.624	0.04	0.889	0.254&0	1
0.424	0.356	0.764	0.664	0.51	0.233	0.922	0.43	0.605	0.809	0.368	0.072	0.61	0.117&0	1
0.46	0.461	0.462	0.463	0.464	0.465	0.466	0.467	0.468	0.469	0.47	0.471	0.472	0.473	0.474	0.475	0.476&1	0
0.686	0.963	0.532	0.105	0.312	0.829	0.949	0.963	0.509	0.698	0.703	0.176&0	1
0.984	0.985	0.986	0.987	0.988	0.989	0.99	0.991	0.992	0.993	0.994&1	0
0.978	0.498	0.47&0	1
0.637	0.638	0.639	0.64	0.641	0.642	0.643	0.644	0.645	0.646&1	0
0.546	0.831	0.718	0.246	0.672	0.223	0.467	0.041	0.823	0.632	0.844&0	1
0.437	0.438	0.439	0.44	0.441	0.442	0.443	0.444	0.445	0.446	0.447&1	0
0.072	0.073	0.074	0.075	0.076	0.077	0.078	0.079	0.08	0.081	0.082	0.083	0.084	0.085	0.086&1	0
0.932	0.707	0.018	1.0	0.048	0.733	0.285	0.763	0.567&0	1
0.983	0.943	0.236	0.059	0.877	0.838	0.65	0.029	0.944	0.806	0.788&0	1
0.812	0.813	0.814	0.815	0.816	0.817	0.818	0.819	0.82	0.821	0.822	0.823	0.824	0.825	0.826&1	0
0.07	0.071	0.072	0.073	0.074	0.075	0.076	0.077	0.078	0.079	0.08	0.081	0.082	0.083	0.084	0.085	0.086&1	0
0.05	0.051	0.052&1	0
0.099	0.683	0.701	0.623	0.607&0	1
0.885	0.886	0.887	0.888	0.889	0.89	0.891	0.892	0.893	0.894	0.895	0.896	0.897&1	0
0.29	0.365	0.502	0.185	0.41	0.011	0.39	0.338&0	1
0.991	0.329	0.608	0.218	0.803	0.246	0.917	0.002	0.608	0.647	0.17	0.956	0.835	0.34&0	1
0.197	0.198	0.199	0.2&1	0
0.274	0.275	0.276	0.277	0.278	0.279	0.28&1	0
0.582	0.494	0.428	0.222	0.076	0.487	0.001	0.546	0.508	0.206	0.372	0.281&0	1
0.774	0.927	0.552	0.989	0.479	0.987	0.07	0.521	0.381	0.953	0.977	0.044	0.775	0.609	0.661	0.34	0.486	0.081	0.956	0.824&0	1
0.303	0.485	0.583	0.225	0.469	0.977	0.831	0.368	0.075	0.385	0.066	0.643	0.873	0.711	0.033	0.534	0.924	0.683	0.182	0.49&0	1
0.634	0.635	0.636	0.637	0.638	0.639	0.64	0.641	0.642&1	0
0.806	0.807	0.808	0.809	0.81	0.811	0.812	0.813	0.814	0.815	0.816	0.817	0.818	0.819	0.82	0.821	0.822&1	0
0.234	0.235	0.236	0.237	0.238	0.239	0.24	0.241	0.242	0.243	0.244	0.245	0.246	0.247	0.248	0.249	0.25	0.251	0.252&1	0
0.505	0.089	0.176	0.67	0.823	0.409	0.9	0.266	0.704	0.677&0	1
0.891	0.843	0.273	0.634	0.581	0.552	0.04	0.31	0.061&0	1
0.228	0.796	0.278	0.003	0.311	0.373	0.51&0	1
0.271	0.272	0.273	0.274	0.275	0.276	0.277	0.278	0.279	0.28	0.281	0.282	0.283	0.284	0.285	0.286	0.287&1	0
0.85	0.851	0.852	0.853&1	0
0.003	0.004	0.005	0.006	0.007&1	0
0.349	0.35	0.351	0.352	0.353	0.354	0.355	0.356	0.357	0.358&1	0
0.685	0.686	0.687	0.688	0.689	0.69	0.691&1	0
0.046	0.047	0.048	0.049&1	0
0.875	0.95	0.834	0.997	0.274	0.956	0.78	0.272	0.328&0	1
0.512	0.889	0.234	0.646	0.181	0.241	0.932	0.936	0.139	0.669	0.898	0.856	0.625	0.606	0.441	0.028	0.65&0	1
0.373	0.374	0.375	0.376	0.377	0.378	0.379	0.38	0.381	0.382	0.383	0.384&1	0
0.644	0.807	0.171	0.753	0.345	0.603	0.576	0.94	0.0	0.501	0.163	0.041	0.11&0	1
0.214	0.119	0.244	0.268	0.995	0.939	0.589&0	1
0.297	0.72	0.055	0.619	0.2	0.071	0.189	0.89	0.736	0.221	0.133	0.094	0.776	0.201	0.537	0.82	0.88&0	1
0.849	0.147	0.729	0.916	0.099&0	1
0.601	0.892	0.998	0.085	0.418	0.156	0.6	0.087	0.098	0.142	0.308	0.907	0.559	0.998	0.447	0.443	0.093	0.554	0.912&0	1
0.834	0.765	0.501	0.669	0.292	0.013	0.401	0.519	0.199	0.245	0.213	0.867	0.191	0.075	0.098&0	1
0.709	0.71	0.711	0.712	0.713	0.714	0.715	0.716	0.717	0.718	0.719	0.72	0.721	0.722	0.723	0.724	0.725	0.726&1	0
0.995	0.996	0.997	0.998&1	0
0.348	0.138	0.03	0.671	0.991	0.138	0.271	0.189	0.564	0.745	0.508	0.692	0.857	0.483	0.817	0.601	0.347&0	1
0.378	0.476	0.808	0.683	0.496	0.702	0.171	0.929	0.585	0.793	0.703	0.435&0	1
0.717	0.718	0.719	0.72	0.721	0.722	0.723	0.724	0.725	0.726	0.727	0.728	0.729	0.73	0.731	0.732	0.733	0.734&1	0
0.999	0.311	0.015	0.921	0.649	0.4	0.465&0	1
0.991	0.229	0.081	0.801	0.183	0.751	0.295	0.337&0	1
0.905	0.306	0.674	0.23&0	1
0.516	0.517	0.518	0.519	0.52	0.521	0.522	0.523	0.524	0.525	0.526	0.527	0.528	0.529	0.53	0.531	0.532	0.533&1	0
0.764	0.44	0.135	0.066	0.253	0.955	0.387	0.42	0.751	0.222	0.506	0.124	0.429	0.125	0.523	0.113	0.782&0	1
0.369	0.37	0.371	0.372	0.373	0.374	0.375	0.376	0.377	0.378	0.379	0.38	0.381	0.382	0.383	0.384	0.385	0.386	0.387	0.388&1	0
0.889	0.89	0.891	0.892	0.893	0.894	0.895	0.896	0.897	0.898&1	0
0.147	0.241	0.241	0.114	0.197	0.559	0.325	0.29	0.153&0	1
0.696	0.453	0.946	0.545	0.432	0.586	0.922	0.184	0.756	0.563	0.027&0	1
0.565	0.566	0.567	0.568	0.569	0.57	0.571	0.572	0.573	0.574&1	0
0.332	0.333	0.334	0.335	0.336	0.337	0.338	0.339	0.34	0.341	0.342	0.343	0.344	0.345	0.346	0.347	0.348	0.349&1	0
0.371	0.372	0.373	0.374&1	0
0.433	0.04	0.514	0.782	0.483	0.473	0.957&0	1
0.19	0.069	0.051	0.414	0.085	0.069&0	1
0.882	0.883	0.884	0.885	0.886	0.887	0.888	0.889	0.89	0.891	0.892&1	0
0.612	0.447	0.808&0	1
0.14	0.141	0.142	0.143	0.144	0.145	0.146	0.147&1	0
0.945	0.946	0.947	0.948	0.949	0.95	0.951&1	0
0.015	0.016	0.017	0.018	0.019	0.02	0.021	0.022	0.023	0.024	0.025	0.026	0.027	0.028	0.029	0.03	0.031	0.032&1	0
0.856	0.4	0.125	0.191	0.036	0.079	0.271	0.805	0.106	0.681	0.73	0.522	0.746	0.154	0.439	0.824	0.001	0.278	0.902&0	1
0.718	0.719	0.72	0.721	0.722	0.723	0.724	0.725	0.726	0.727	0.728&1	0
0.493	0.494	0.495	0.496	0.497	0.498	0.499	0.5	0.501	0.502&1	0
0.798	0.799	0.8	0.801	0.802	0.803	0.804	0.805	0.806	0.807	0.808	0.809&1	0
0.934	0.873	0.398	0.595	0.64&0	1
0.232	0.595	0.579	0.249	0.865	0.64	0.209	0.568	0.753	0.878	0.896	0.563	0.5	0.774	0.483	0.698	0.342&0	1
0.782	0.783	0.784	0.785	0.786	0.787&1	0
0.397	0.398	0.399	0.4	0.401	0.402	0.403	0.404	0.405&1	0
0.047	0.28	0.52	0.958	0.723	0.639	0.294	0.282	0.566	0.584	0.973	0.947	0.395	0.162	0.223	0.176	0.05&0	1
0.051	0.052	0.053	0.054	0.055	0.056	0.057	0.058	0.059	0.06	0.061	0.062	0.063	0.064&1	0
0.22	0.221	0.222	0.223	0.224	0.225	0.226	0.227	0.228	0.229	0.23	0.231	0.232	0.233	0.234	0.235	0.236	0.237	0.238	0.239&1	0
0.105	0.106	0.107	0.108	0.109	0.11	0.111	0.112	0.113	0.114	0.115	0.116	0.117	0.118&1	0
0.794	0.795	0.796	0.797	0.798	0.799	0.8	0.801	0.802&1	0
0.501	0.502	0.503	0.504	0.505	0.506	0.507	0.508	0.509	0.51	0.511	0.512	0.513	0.514	0.515	0.516	0.517	0.518	0.519	0.52&1	0
0.76	0.761	0.762	0.763	0.764	0.765	0.766	0.767	0.768	0.769	0.77&1	0
0.237	0.232	0.355	0.405	0.834	0.699	0.182	0.883	0.313	0.936	0.264	0.945&0	1
0.583	0.585	0.527	0.392	0.098	0.413	0.99	0.398	0.778	0.016	0.997	0.117	0.88	0.302&0	1
0.394	0.395	0.396	0.397	0.398	0.399	0.4	0.401	0.402&1	0
0.016	0.017	0.018	0.019	0.02	0.021	0.022	0.023&1	0
0.656	0.166	0.858	0.687	0.902	0.256	0.93	0.172	0.134	0.307	0.63	0.588	0.029	0.459	0.639&0	1
0.317	0.056	0.018	0.351	0.887	0.82	0.577	0.069	0.195	0.18	0.41	0.938&0	1
0.681	0.401	0.785	0.781	0.951	0.037&0	1
0.361	0.362	0.363	0.364	0.365	0.366	0.367	0.368	0.369	0.37	0.371	0.372	0.373	0.374	0.375	0.376	0.377&1	0
0.265	0.266	0.267	0.268	0.269	0.27	0.271	0.272	0.273	0.274	0.275&1	0
0.884	0.885	0.886	0.887	0.888	0.889	0.89	0.891	0.892	0.893	0.894&1	0
0.457	0.969	0.855	0.278	0.714	0.358	0.175	0.268	0.821	0.912	0.856	0.24	0.306&0	1
0.583	0.584	0.585	0.586	0.587	0.588	0.589	0.59	0.591	0.592&1	0
0.197	0.656	0.839	0.477	0.894	0.896	0.149	0.041	0.947	0.056	0.971	0.882	0.396	0.217	0.968	0.153	0.118	0.887&0	1
0.092	0.094	0.628	0.949	0.199	0.335	0.746	0.081	0.352	0.47&0	1
0.459	0.46	0.461	0.462	0.463	0.464	0.465	0.466	0.467	0.468	0.469	0.47	0.471	0.472	0.473	0.474	0.475	0.476	0.477	0.478&1	0
0.537	0.538	0.539	0.54	0.541	0.542	0.543	0.544	0.545	0.546&1	0
0.827	0.828	0.829	0.83	0.831	0.832	0.833	0.834	0.835	0.836	0.837&1	0
0.563	0.419	0.517	0.83	0.528	0.383	0.877	0.285	0.634	0.067	0.727&0	1
0.896	0.8	0.172	0.441	0.696	0.12	0.881	0.165	0.817	0.824	0.186	0.747	0.101	0.9	0.634	0.773	0.411	0.791	0.171&0	1
0.482	0.483	0.484	0.485	0.486	0.487	0.488	0.489&1	0
0.438	0.439	0.44	0.441&1	0
0.249	0.25	0.251&1	0
0.189	0.19	0.191	0.192	0.193	0.194	0.195	0.196	0.197	0.198	0.199&1	0
0.783	0.784	0.785	0.786	0.787	0.788	0.789	0.79	0.791	0.792	0.793&1	0
0.404	0.405	0.406	0.407	0.408	0.409	0.41&1	0
0.693	0.365	0.261	0.133	0.917	0.103	0.78	0.474	0.083	0.932	0.398	0.871	0.466	0.12	0.17	0.96&0	1
0.312	0.389	0.793	0.574	0.827	0.528	0.583	0.162	0.988	0.883	0.087	0.991	0.641	0.132	0.739	0.613	0.915	0.945	0.234&0	1
0.597	0.598	0.599	0.6	0.601	0.602	0.603	0.604	0.605	0.606&1	0
0.29	0.291	0.292	0.293	0.294	0.295	0.296	0.297	0.298	0.299	0.3	0.301	0.302	0.303	0.304	0.305	0.306	0.307	0.308&1	0
0.939	0.94	0.941	0.942	0.943	0.944	0.945	0.946	0.947	0.948	0.949	0.95	0.951	0.952	0.953	0.954	0.955	0.956	0.957&1	0
0.129	0.13	0.131	0.132	0.133	0.134	0.135&1	0
0.86	0.861	0.862	0.863&1	0
0.814	0.878	0.933	0.394	0.315	0.706	0.744	0.852	0.695	0.803	0.278	0.369	0.736	0.995&0	1
0.131	0.132	0.133	0.134	0.135	0.136&1	0
0.099	0.957	0.821	0.783	0.881	0.61	0.491&0	1
0.982	0.983	0.984	0.985	0.986	0.987	0.988	0.989	0.99	0.991	0.992	0.993	0.994	0.995	0.996&1	0
0.403	0.135	0.903	0.29	0.662	0.415&0	1
0.303	0.304	0.305	0.306	0.307	0.308	0.309	0.31	0.311	0.312	0.313	0.314	0.315	0.316	0.317&1	0
0.422	0.845	0.43	0.313	0.472	0.196	0.574	0.318&0	1
0.985	0.909	0.943	0.255	0.095	0.508	0.796	0.667	0.319	0.301&0	1
0.365	0.614	0.552	0.134	0.079	0.713	1.0&0	1
0.572	0.373	0.862	0.17	0.661	0.152	0.994	0.849	0.946&0	1
0.46	0.461	0.462	0.463	0.464	0.465	0.466	0.467	0.468&1	0
0.337	0.237	0.899	0.444	0.64	0.813	0.772	0.994	0.472	0.471	0.632	0.642	0.996	0.826	0.0&0	1
0.974	0.732	0.466	0.637&0	1
0.956	0.581	0.421	0.492	0.734	0.597	0.368	0.591	0.567	0.209	0.015	0.544	0.949	0.67	0.385	0.735	0.897	0.24	0.368	0.3&0	1
0.852	0.853	0.854	0.855	0.856	0.857	0.858	0.859	0.86	0.861	0.862	0.863&1	0
0.183	0.187	0.692	0.529	0.834	0.587	0.937	0.114	0.61	0.103	0.238	0.362	0.783	0.577	0.149	0.587&0	1
0.665	0.847	0.359	0.545	0.79	0.017	0.911	0.009&0	1
0.325	0.326	0.327	0.328	0.329	0.33	0.331	0.332	0.333	0.334	0.335	0.336	0.337	0.338	0.339	0.34	0.341&1	0
0.747	0.561	0.764	0.169	0.082	0.155	0.77&0	1
0.894	0.895	0.896	0.897	0.898	0.899	0.9	0.901&1	0
0.055	0.579	0.984	0.791	0.171	0.188	0.349	0.145	0.435	0.604	0.722	0.208	0.389	0.3	0.644	0.244	0.546	0.895&0	1
0.003	0.429	0.67	0.216	0.733	0.139	0.515	0.763	0.211&0	1
0.452	0.453	0.454	0.455	0.456	0.457	0.458	0.459	0.46	0.461	0.462	0.463	0.464	0.465	0.466	0.467	0.468	0.469	0.47&1	0
0.311	0.312	0.313	0.314	0.315	0.316	0.317	0.318	0.319	0.32	0.321	0.322&1	0
0.826	0.827	0.828	0.829	0.83	0.831	0.832	0.833	0.834	0.835	0.836	0.837	0.838	0.839	0.84	0.841	0.842	0.843&1	0
0.875	0.876	0.877	0.878	0.879	0.88	0.881	0.882&1	0
0.547	0.548	0.549	0.55	0.551	0.552	0.553	0.554	0.555	0.556	0.557&1	0
0.858	0.859	0.86	0.861	0.862	0.863	0.864	0.865	0.866	0.867	0.868	0.869	0.87	0.871	0.872	0.873&1	0
0.108	0.911	0.257	0.636	0.665&0	1
0.085	0.086	0.087	0.088	0.089	0.09	0.091	0.092	0.093	0.094	0.095	0.096	0.097	0.098	0.099	0.1	0.101	0.102	0.103	0.104&1	0
0.315	0.347	0.901	0.184	0.733	0.61	0.65	0.664	0.808	0.98	0.53	0.297	0.107	0.402&0	1
0.919	0.498	0.106	0.663	0.16	0.7	0.832	0.665	0.121	0.613	0.895	0.727	0.563	0.086&0	1
0.101	0.048	0.324	0.859	0.561	0.395	0.686&0	1
0.738	0.723	0.617	0.606	0.14	0.246	0.53	0.566	0.3	0.183	0.478	0.039	0.112	0.918	0.699	0.396	0.474	0.808	0.504	0.628&0	1
0.794	0.795	0.796	0.797	0.798	0.799	0.8	0.801	0.802	0.803	0.804	0.805	0.806&1	0
0.195	0.196	0.197	0.198	0.199	0.2	0.201	0.202	0.203	0.204	0.205	0.206	0.207	0.208	0.209	0.21	0.211	0.212&1	0
0.213	0.36	0.72	0.387	0.39	0.619&0	1
0.178	0.16	0.544	0.638	0.663	0.788	0.511	0.529&0	1
0.328	0.402	0.92	0.558	0.662	0.63	0.439	0.303	0.622	0.395	0.91	0.231	0.301	0.313	0.299	0.268	0.376	0.824	0.384&0	1
0.524	0.692	0.328	0.532	0.051	0.104	0.01	0.192&0	1
0.682	0.468	0.223	0.363	0.835	0.436	0.291	0.91&0	1
0.997	0.968	0.06	0.322	0.01	0.574	0.685&0	1
0.925	0.926	0.927	0.928	0.929	0.93	0.931	0.932	0.933	0.934	0.935	0.936	0.937	0.938&1	0
0.398	0.399	0.4	0.401	0.402	0.403&1	0
0.922	0.684	0.759	0.562	0.136	0.769	0.446	0.492	0.309	0.882	0.224	0.886	0.183	0.881	0.869	0.794&0	1
0.176	0.721	0.085	0.529	0.422&0	1
0.798	0.799	0.8	0.801	0.802&1	0
0.134	0.135	0.136	0.137	0.138	0.139	0.14	0.141	0.142	0.143	0.144	0.145	0.146	0.147	0.148	0.149&1	0
0.501	0.313	0.941	0.627	0.664	0.458	0.366	0.073	0.016	0.728	0.949	0.159	0.981	0.777	0.201	0.338	0.948	0.008	0.541&0	1
0.06	0.061	0.062	0.063	0.064	0.065	0.066	0.067	0.068	0.069	0.07	0.071	0.072	0.073	0.074	0.075	0.076	0.077&1	0
0.643	0.277	0.419	0.767	0.88	0.231&0	1
0.681	0.534	0.706	0.125	0.006	0.185&0	1
0.823	0.824	0.825	0.826	0.827	0.828	0.829	0.83	0.831	0.832	0.833	0.834	0.835	0.836	0.837	0.838	0.839	0.84	0.841&1	0
0.231	0.993	0.791	0.664	0.369	0.633	0.481&0	1
0.459	0.46	0.461	0.462	0.463	0.464	0.465	0.466	0.467	0.468	0.469	0.47	0.471	0.472	0.473	0.474&1	0
0.896	0.897	0.898	0.899	0.9	0.901	0.902	0.903	0.904	0.905	0.906	0.907&1	0
0.714	0.715	0.716	0.717	0.718	0.719	0.72	0.721&1	0
0.303	0.304	0.305	0.306	0.307	0.308	0.309	0.31	0.311	0.312	0.313	0.314	0.315	0.316	0.317	0.318	0.319	0.32&1	0
0.852	0.853	0.854	0.855	0.856	0.857	0.858	0.859	0.86	0.861&1	0
0.581	0.344	0.651	0.736	0.281	0.368	0.243	0.7	0.919	0.063	0.756	0.696&0	1
0.973	0.023	0.202	0.981	0.897	0.267	0.306	0.023	0.709	0.227&0	1
0.175	0.11	0.835	0.939	0.248	0.264	0.282	0.72	0.957	0.167	0.035	0.062	0.468	0.161	0.048	0.832	0.717	0.354&0	1
0.71	0.711	0.712	0.713	0.714	0.715	0.716	0.717	0.718	0.719	0.72	0.721	0.722	0.723	0.724	0.725	0.726	0.727	0.728&1	0
0.359	0.475	0.988	0.634	0.991	0.015	0.922	0.86	0.172&0	1
0.422	0.038	0.293	0.783	0.652	0.347	0.789	0.166	0.941	0.46	0.492	0.975	0.333	0.475	0.752	0.736	0.524	0.988	0.056	0.252&0	1
0.036	0.037	0.038	0.039	0.04	0.041	0.042	0.043	0.044	0.045	0.046	0.047	0.048&1	0
0.388	0.389	0.39	0.391	0.392	0.393	0.394	0.395&1	0
0.578	0.118	0.504	0.067	0.926	0.753	0.465	0.666	0.387&0	1
0.898	0.899	0.9	0.901	0.902	0.903	0.904	0.905	0.906	0.907	0.908	0.909	0.91	0.911	0.912&1	0
0.239	0.468	0.8	0.009	0.21	0.71	0.395	0.414&0	1
0.743	0.217	0.595	0.308	0.455	0.895	0.781	0.801	0.196	0.792&0	1
0.367	0.674	0.817	0.76&0	1
0.843	0.844	0.845	0.846	0.847	0.848	0.849&1	0
0.665	0.914	0.18	0.285	0.556	0.458	0.767	0.935	0.339&0	1
0.417	0.183	0.473&0	1
0.285	0.286	0.287	0.288	0.289	0.29	0.291	0.292	0.293	0.294	0.295	0.296	0.297	0.298&1	0
0.695	0.818	0.926	0.895	0.825	0.028	0.188	0.329	0.431	0.964	0.438	0.441	0.768	0.878	0.875	0.345	0.456&0	1
0.387	0.388	0.389	0.39	0.391	0.392	0.393	0.394	0.395	0.396	0.397	0.398	0.399	0.4	0.401	0.402	0.403	0.404&1	0
0.071	0.072	0.073	0.074	0.075	0.076	0.077	0.078	0.079	0.08	0.081	0.082	0.083&1	0
0.362	0.738	0.348	0.573	0.793	0.949&0	1
0.573	0.732	0.804	0.267	0.021	0.784	0.51	0.205	0.205	0.852	0.383	0.114	0.773	0.408	0.307	0.268	0.728	0.538&0	1
0.501	0.502	0.503	0.504	0.505	0.506	0.507	0.508	0.509	0.51	0.511	0.512	0.513&1	0
0.906	0.237	0.598	0.655	0.16	0.391	0.649	0.577	0.475	0.569	0.936	0.203	0.636&0	1
0.808	0.749	0.808	0.429	0.443	0.055	0.458&0	1
0.884	0.141	0.812	0.011	0.762	0.097	0.867	0.553	0.032	0.748&0	1
0.441	0.442	0.443	0.444	0.445&1	0
0.731	0.876	0.742	0.68	0.76	0.097	0.2	0.747	0.395	0.259	0.16	0.935	0.986	0.456	0.398	0.186	0.622	0.88&0	1
0.569	0.368	0.318	0.366	0.758	0.146	0.224	0.666	0.66	0.961	0.716&0	1
0.22	0.221	0.222	0.223	0.224	0.225	0.226	0.227	0.228	0.229&1	0
0.662	0.607	0.509	0.379&0	1
0.602	0.603	0.604	0.605	0.606	0.607	0.608	0.609	0.61	0.611	0.612	0.613	0.614	0.615&1	0
0.924	0.428	0.53	0.775	0.11	0.598	0.61	0.588	0.457	0.781	0.552	0.198	0.41	0.307	0.353	0.783	0.673	0.118	0.73&0	1
0.705	0.435	0.2	0.712	0.477	0.361	0.312	0.373	0.468&0	1
0.022	0.023	0.024	0.025	0.026	0.027	0.028	0.029	0.03	0.031	0.032	0.033	0.034&1	0
0.14	0.307	0.922	0.06	0.399	0.135	0.376	0.237	0.055	0.965	0.913	0.487	0.406	0.344	0.506	0.914	0.064&0	1
0.246	0.247	0.248	0.249	0.25	0.251	0.252	0.253	0.254&1	0
0.411	0.43	0.874	0.511	0.208	0.628	0.837&0	1
0.935	0.399	0.889&0	1
0.19	0.191	0.192	0.193	0.194	0.195	0.196	0.197	0.198&1	0
0.931	0.35	0.547	0.063	0.605	0.091	0.16	0.775	0.295	0.578	0.276	0.557	0.841	0.289&0	1
0.628	0.629	0.63	0.631	0.632&1	0
0.379	0.052	0.986	0.847	0.026	0.371	0.517	0.503	0.496	0.609	0.891	0.337	0.815	0.859	0.057	0.1	0.906	0.951&0	1
0.218	0.219	0.22	0.221	0.222	0.223	0.224	0.225	0.226	0.227	0.228	0.229	0.23	0.231&1	0
0.619	0.62	0.621	0.622	0.623	0.624	0.625	0.626	0.627	0.628	0.629	0.63	0.631	0.632	0.633	0.634&1	0
0.847	0.848	0.849	0.85	0.851	0.852	0.853	0.854	0.855	0.856	0.857	0.858	0.859	0.86	0.861	0.862	0.863	0.864	0.865	0.866&1	0
0.893	0.894	0.895	0.896	0.897	0.898	0.899	0.9	0.901	0.902&1	0
0.448	0.449	0.45	0.451	0.452&1	0
0.804	0.057	0.588	0.201	0.686	0.281	0.742	0.774	0.813	0.966	0.69&0	1
0.226	0.715	0.169	0.09	0.713&0	1
0.155	0.861	0.378&0	1
0.591	0.592	0.593	0.594	0.595	0.596	0.597	0.598	0.599	0.6	0.601	0.602&1	0
0.118	0.036	0.851	0.618	0.49	0.373&0	1
0.921	0.672	0.392	0.553	0.796&0	1
0.822	0.823	0.824	0.825	0.826	0.827&1	0
0.79	0.729	0.007	0.664	0.239	0.895	0.996	0.049	0.72&0	1
0.851	0.852	0.853	0.854	0.855	0.856	0.857	0.858	0.859	0.86	0.861&1	0
0.418	0.978	0.19	0.747	0.101	0.497	0.746	0.797	0.118	0.252	0.582	0.843	0.049	0.627&0	1
0.06	0.612	0.501	0.555&0	1
0.39	0.41	0.1	0.974	0.364	0.124	0.201	0.83	0.806	0.864	0.089	0.574	0.308	0.413	0.389	0.906&0	1
0.379	0.894	0.89	0.219	0.5	0.538	0.669	0.079	0.826	0.947	0.454	0.869	0.695	0.822	0.296&0	1
0.188	0.189	0.19	0.191	0.192	0.193	0.194	0.195&1	0
0.131	0.077	0.138	0.329	0.268	0.796	0.018	0.456	0.518	0.982	0.432	0.846	0.492	0.316	0.183	0.355	0.161	0.2	0.18&0	1
0.647	0.648	0.649	0.65	0.651	0.652	0.653	0.654	0.655	0.656	0.657	0.658	0.659	0.66	0.661	0.662&1	0
0.412	0.413	0.414	0.415	0.416	0.417	0.418	0.419	0.42	0.421	0.422	0.423	0.424&1	0
0.123	0.124	0.125	0.126	0.127	0.128&1	0
0.574	0.324	0.727	0.298	0.771	0.378	0.35	0.082	0.075	1.0	0.249	0.256	0.613	0.53	0.579	0.503	0.882	0.745	0.274	0.103&0	1
0.617	0.909	0.504&0	1
0.84	0.841	0.842	0.843	0.844	0.845	0.846&1	0
0.327	0.328	0.329	0.33	0.331	0.332	0.333	0.334	0.335	0.336	0.337	0.338	0.339	0.34	0.341&1	0
0.782	0.476	0.765	0.285	0.096	0.385	0.02	0.558&0	1
0.56	0.561	0.562	0.563	0.564	0.565	0.566	0.567	0.568	0.569	0.57	0.571	0.572	0.573	0.574	0.575	0.576	0.577	0.578&1	0
0.734	0.908	0.722	0.161	0.341	0.475	0.334	0.167	0.131	0.393	0.009	0.616	0.4&0	1
0.209	0.21	0.211	0.212	0.213	0.214	0.215	0.216	0.217&1	0
0.632	0.134	0.977	0.463	0.094	0.219	0.318	0.195	0.713	0.442	0.062	0.407	0.539	0.296	0.35	0.27	0.558	0.687	0.587	0.364&0	1
0.382	0.383	0.384	0.385	0.386	0.387	0.388	0.389	0.39	0.391	0.392	0.393	0.394	0.395	0.396	0.397&1	0
0.372	0.373	0.374	0.375	0.376	0.377	0.378	0.379	0.38	0.381	0.382	0.383	0.384	0.385	0.386	0.387&1	0
0.045	0.046	0.047	0.048	0.049	0.05	0.051	0.052	0.053	0.054	0.055	0.056	0.057&1	0
0.202	0.203	0.204	0.205	0.206	0.207	0.208	0.209	0.21	0.211	0.212	0.213	0.214	0.215	0.216	0.217	0.218	0.219	0.22&1	0
0.26	0.122	0.651	0.822&0	1
0.944	0.448	0.863	0.653	0.428	0.277	0.53	0.122	0.438	0.765	0.776	0.611&0	1
0.027	0.028	0.029	0.03	0.031	0.032	0.033	0.034	0.035	0.036	0.037	0.038	0.039	0.04	0.041&1	0
0.456	0.457	0.458	0.459	0.46	0.461	0.462	0.463	0.464	0.465	0.466	0.467	0.468	0.469	0.47	0.471	0.472	0.473	0.474&1	0
0.503	0.504	0.505	0.506	0.507	0.508	0.509	0.51&1	0
0.16	0.716	0.416	0.768	0.532	0.033	0.247	0.628&0	1
0.908	0.909	0.91	0.911	0.912	0.913	0.914	0.915	0.916	0.917	0.918	0.919	0.92&1	0
0.976	0.977	0.978	0.979	0.98	0.981&1	0
0.252	0.253	0.254	0.255	0.256	0.257&1	0
0.961	0.833	0.061	0.908&0	1
0.582	0.583	0.584	0.585	0.586	0.587	0.588&1	0
0.081	0.082	0.083	0.084	0.085	0.086	0.087	0.088	0.089	0.09	0.091	0.092	0.093	0.094&1	0
0.953	0.792	0.982	0.529	0.48	0.61	0.058	0.153	0.978	0.463	0.208	0.707	0.404	0.717	0.427	0.207	0.623	0.596&0	1
0.723	0.724	0.725	0.726	0.727	0.728	0.729	0.73&1	0
0.111	0.112	0.113	0.114&1	0
0.972	0.973	0.974	0.975	0.976	0.977	0.978	0.979	0.98	0.981	0.982	0.983	0.984	0.985	0.986	0.987&1	0
0.383	0.384	0.385	0.386	0.387	0.388	0.389	0.39	0.391	0.392	0.393	0.394&1	0
0.692	0.693	0.694	0.695	0.696	0.697	0.698	0.699	0.7	0.701	0.702	0.703&1	0
0.032	0.677	0.37	0.378&0	1
0.065	0.066	0.067&1	0
0.549	0.908	0.546	0.831	0.97	0.931&0	1
0.491	0.492	0.493	0.494	0.495	0.496	0.497	0.498	0.499	0.5	0.501	0.502	0.503	0.504	0.505	0.506	0.507	0.508	0.509&1	0
0.302	0.567	0.36	0.078	0.484	0.003	0.844&0	1
0.367	0.368	0.369	0.37	0.371	0.372&1	0
0.751	0.985	0.659	0.006	0.281	0.628	0.594	0.529&0	1
0.203	0.617	0.677	0.52	0.863	0.53&0	1
0.842	0.03	0.429	0.055	0.032	0.957	0.239	0.514	0.92	0.838	0.898	0.421	0.842	0.239	0.1	0.609	0.398	0.021	0.932&0	1
0.223	0.224	0.225	0.226	0.227	0.228&1	0
0.701	0.31	0.007	0.687	0.745	0.43	0.091	0.177	0.315	0.21	0.543	0.617&0	1
0.185	0.524	0.261&0	1
0.732	0.733	0.734	0.735	0.736	0.737	0.738	0.739	0.74	0.741	0.742	0.743	0.744	0.745	0.746	0.747	0.748	0.749&1	0
0.798	0.425	0.767	0.633	0.866	0.091	0.453	0.926	0.553	0.922	0.621	0.685	0.964	0.121	0.913&0	1
0.744	0.745	0.746	0.747	0.748	0.749	0.75	0.751	0.752	0.753	0.754	0.755	0.756	0.757	0.758	0.759	0.76	0.761&1	0
0.026	0.027	0.028	0.029	0.03	0.031&1	0
0.178	0.179	0.18	0.181	0.182	0.183	0.184	0.185	0.186	0.187	0.188	0.189	0.19	0.191	0.192	0.193&1	0
0.203	0.93	0.088&0	1
0.906	0.907	0.908	0.909	0.91	0.911	0.912	0.913	0.914	0.915	0.916	0.917	0.918	0.919	0.92	0.921&1	0
0.19	0.191	0.192	0.193	0.194	0.195	0.196&1	0
0.616	0.617	0.618	0.619	0.62	0.621	0.622	0.623	0.624	0.625	0.626	0.627	0.628	0.629	0.63&1	0
0.724	0.574	0.247	0.987	0.103	0.649	0.887	0.568	0.438	0.792	0.453	0.291	0.146	0.937	0.473&0	1
0.373	0.602	0.646	0.091	0.064	0.535	0.329	0.175	0.013	0.203&0	1
0.149	0.706	0.89	0.39	0.228	0.139	0.199	0.518	0.013	0.998	0.432	0.861	0.114	0.418	0.945	0.009	0.914	0.917&0	1
0.132	0.421	0.381	0.181	0.32	0.419	0.423	0.425	0.699&0	1
0.851	0.852	0.853	0.854	0.855	0.856	0.857&1	0
0.739	0.533	0.05	0.531	0.326	0.251	0.616	0.322&0	1
0.441	0.442	0.443	0.444	0.445	0.446	0.447	0.448	0.449	0.45	0.451	0.452	0.453	0.454	0.455	0.456	0.457&1	0
0.037	0.554	0.354	0.648	0.479	0.987	0.889	0.912	0.663	0.424	0.364	0.89	0.665	0.73&0	1
0.203	0.204	0.205	0.206	0.207	0.208	0.209	0.21	0.211	0.212	0.213	0.214	0.215	0.216	0.217	0.218&1	0
0.983	0.057	0.072&0	1
0.697	0.698	0.699	0.7	0.701	0.702	0.703	0.704	0.705	0.706	0.707	0.708	0.709	0.71&1	0
0.863	0.864	0.865	0.866	0.867	0.868	0.869	0.87	0.871	0.872	0.873	0.874	0.875	0.876&1	0
0.772	0.61	0.664	0.519	0.191	0.891	0.497	0.632	0.667	0.892	0.682	0.802	0.307	0.919&0	1
0.954	0.469	0.583&0	1
0.419	0.42	0.421	0.422	0.423	0.424	0.425	0.426	0.427	0.428	0.429	0.43	0.431	0.432	0.433	0.434	0.435	0.436&1	0